0 1674
1 1673
2 1669
3 1675
4 1671
5 1673
6 1672
7 1671
8 1672
9 1673
10 1669
11 1672
12 1670
13 1668
14 1667
15 1669
16 1668
17 1667
18 1664
19 1670
20 1667
21 1665
22 1667
23 1663
24 1663
25 1666
26 1663
27 1662
28 1663
29 1662
30 1663
31 1662
32 1663
33 1664
34 1664
35 1662
36 1658
37 1662
38 1661
39 1661
40 1661
41 1661
42 1662
43 1660
44 1659
45 1661
46 1661
47 1660
48 1659
49 1659
50 1658
51 1656
52 1659
53 1658
54 1656
55 1655
56 1657
57 1655
58 1656
59 1656
60 1655
61 1653
62 1657
63 1656
64 1656
65 1654
66 1655
67 1655
68 1655
69 1659
70 1655
71 1655
72 1653
73 1651
74 1659
75 1655
76 1652
77 1652
78 1653
79 1652
80 1654
81 1654
82 1653
83 1651
84 1651
85 1652
86 1653
87 1650
88 1650
89 1651
90 1652
91 1653
92 1650
93 1654
94 1649
95 1651
96 1649
97 1650
98 1653
99 1654
100 1649
101 1651
102 1651
103 1652
104 1648
105 1648
106 1653
107 1647
108 1650
109 1649
110 1649
111 1650
112 1649
113 1648
114 1646
115 1650
116 1651
117 1646
118 1650
119 1645
120 1647
121 1646
122 1648
123 1647
124 1648
125 1646
126 1648
127 1646
128 1647
129 1646
130 1645
131 1647
132 1650
133 1646
134 1647
135 1646
136 1644
137 1646
138 1644
139 1646
140 1646
141 1642
142 1646
143 1648
144 1646
145 1647
146 1646
147 1646
148 1642
149 1643
150 1646
151 1649
152 1644
153 1645
154 1644
155 1644
156 1646
157 1645
158 1648
159 1644
160 1642
161 1644
162 1647
163 1643
164 1644
165 1644
166 1646
167 1644
168 1643
169 1644
170 1644
171 1646
172 1647
173 1645
174 1641
175 1646
176 1646
177 1643
178 1644
179 1646
180 1646
181 1643
182 1642
183 1647
184 1643
185 1644
186 1646
187 1642
188 1647
189 1645
190 1644
191 1642
192 1644
193 1641
194 1644
195 1640
196 1647
197 1640
198 1644
199 1643
200 1642
201 1643
202 1645
203 1642
204 1644
205 1643
206 1642
207 1646
208 1642
209 1645
210 1640
211 1642
212 1645
213 1641
214 1644
215 1642
216 1640
217 1641
218 1644
219 1641
220 1642
221 1641
222 1641
223 1643
224 1642
225 1642
226 1639
227 1642
228 1643
229 1643
230 1640
231 1643
232 1639
233 1644
234 1643
235 1646
236 1638
237 1640
238 1643
239 1644
240 1641
241 1640
242 1644
243 1643
244 1642
245 1643
246 1643
247 1643
248 1641
249 1639
250 1642
251 1639
252 1642
253 1644
254 1641
255 1643
256 1644
257 1643
258 1641
259 1641
260 1640
261 1640
262 1643
263 1640
264 1642
265 1642
266 1640
267 1642
268 1642
269 1643
270 1644
271 1642
272 1639
273 1638
274 1640
275 1643
276 1640
277 1641
278 1637
279 1639
280 1642
281 1641
282 1643
283 1639
284 1644
285 1641
286 1639
287 1643
288 1643
289 1638
290 1638
291 1642
292 1640
293 1641
294 1640
295 1639
296 1640
297 1641
298 1640
299 1640
300 1643
301 1640
302 1644
303 1638
304 1640
305 1641
306 1643
307 1641
308 1642
309 1640
310 1639
311 1640
312 1639
313 1641
314 1642
315 1641
316 1642
317 1642
318 1640
319 1639
320 1640
321 1638
322 1642
323 1639
324 1644
325 1643
326 1641
327 1642
328 1644
329 1637
330 1637
331 1643
332 1640
333 1641
334 1640
335 1640
336 1638
337 1640
338 1640
339 1640
340 1638
341 1641
342 1639
343 1640
344 1639
345 1642
346 1636
347 1639
348 1643
349 1641
350 1642
351 1640
352 1638
353 1637
354 1642
355 1640
356 1641
357 1639
358 1638
359 1638
360 1640
361 1641
362 1642
363 1641
364 1639
365 1639
366 1641
367 1639
368 1642
369 1641
370 1637
371 1640
372 1637
373 1640
374 1639
375 1641
376 1642
377 1645
378 1642
379 1640
380 1642
381 1637
382 1639
383 1640
384 1641
385 1643
386 1640
387 1641
388 1639
389 1638
390 1642
391 1641
392 1641
393 1638
394 1639
395 1638
396 1642
397 1638
398 1638
399 1640
400 1643
401 1639
402 1638
403 1641
404 1639
405 1640
406 1641
407 1641
408 1639
409 1640
410 1642
411 1640
412 1640
413 1641
414 1641
415 1635
416 1640
417 1641
418 1638
419 1641
420 1641
421 1640
422 1640
423 1643
424 1639
425 1640
426 1637
427 1637
428 1640
429 1642
430 1640
431 1638
432 1639
433 1639
434 1637
435 1640
436 1639
437 1638
438 1642
439 1639
440 1642
441 1640
442 1637
443 1639
444 1637
445 1637
446 1643
447 1641
448 1643
449 1640
450 1640
451 1641
452 1640
453 1640
454 1643
455 1639
456 1643
457 1644
458 1637
459 1640
460 1637
461 1638
462 1640
463 1641
464 1642
465 1639
466 1639
467 1638
468 1639
469 1640
470 1639
471 1641
472 1640
473 1636
474 1641
475 1641
476 1638
477 1636
478 1641
479 1639
480 1638
481 1642
482 1640
483 1636
484 1639
485 1643
486 1641
487 1643
488 1639
489 1639
490 1639
491 1639
492 1636
493 1640
494 1641
495 1640
496 1642
497 1639
498 1638
499 1642
500 1640
501 1638
502 1637
503 1641
504 1637
505 1638
506 1641
507 1643
508 1641
509 1640
510 1639
511 1638
512 1643
513 1640
514 1642
515 1639
516 1641
517 1641
518 1636
519 1639
520 1639
521 1640
522 1638
523 1640
524 1639
525 1638
526 1640
527 1637
528 1640
529 1640
530 1638
531 1641
532 1639
533 1637
534 1640
535 1639
536 1639
537 1638
538 1639
539 1638
540 1641
541 1640
542 1641
543 1639
544 1640
545 1638
546 1639
547 1641
548 1640
549 1641
550 1641
551 1638
552 1639
553 1636
554 1640
555 1636
556 1637
557 1641
558 2561
559 2557
560 2545
561 2532
562 2522
563 2510
564 2500
565 2494
566 2483
567 2471
568 2461
569 2452
570 2446
571 2433
572 2423
573 2413
574 2402
575 2395
576 2385
577 2377
578 2368
579 2362
580 2350
581 2342
582 2333
583 2325
584 2319
585 2310
586 2301
587 2295
588 2287
589 2281
590 2270
591 2265
592 2257
593 2247
594 2240
595 2235
596 2225
597 2218
598 2211
599 2205
600 2198
601 2193
602 2186
603 2178
604 2172
605 2164
606 2158
607 2153
608 2149
609 2140
610 2132
611 2127
612 2120
613 2118
614 2113
615 2106
616 2101
617 2094
618 2090
619 2082
620 2077
621 2074
622 2072
623 2064
624 2058
625 2051
626 2045
627 2043
628 2037
629 2033
630 2028
631 2026
632 2022
633 2015
634 2010
635 2007
636 2002
637 1994
638 1993
639 1989
640 1986
641 1980
642 1976
643 1973
644 1971
645 1964
646 1958
647 1957
648 1953
649 1950
650 1948
651 1943
652 1935
653 1934
654 1929
655 1929
656 1923
657 1923
658 1916
659 1912
660 1910
661 1908
662 1905
663 1900
664 1896
665 1896
666 1889
667 1890
668 1886
669 1883
670 1881
671 1880
672 1876
673 1874
674 1871
675 1868
676 1864
677 1861
678 1857
679 1854
680 1851
681 1846
682 1849
683 1845
684 1839
685 1839
686 1839
687 1833
688 1833
689 1829
690 1829
691 1825
692 1822
693 1818
694 1821
695 1819
696 1814
697 1812
698 1812
699 1805
700 1809
701 1804
702 1805
703 1802
704 1799
705 1797
706 1796
707 1796
708 1789
709 1787
710 1788
711 1786
712 1786
713 1784
714 1780
715 1778
716 1780
717 1777
718 1775
719 1771
720 1770
721 1769
722 1768
723 1764
724 1763
725 1763
726 1762
727 1759
728 1757
729 1759
730 1757
731 1755
732 1753
733 1749
734 1750
735 1749
736 1748
737 1749
738 1746
739 1745
740 1743
741 1743
742 1739
743 1739
744 1737
745 1735
746 1736
747 1736
748 1732
749 1730
750 1730
751 1730
752 1727
753 1728
754 1725
755 1726
756 1726
757 1723
758 1723
759 1721
760 1722
761 1719
762 1720
763 1716
764 1719
765 1716
766 1713
767 1712
768 1717
769 1711
770 1714
771 1712
772 1709
773 1713
774 1707
775 1706
776 1707
777 1705
778 1706
779 1701
780 1702
781 1702
782 1701
783 1703
784 1703
785 1699
786 1700
787 1701
788 1699
789 1695
790 1694
791 1694
792 1695
793 1694
794 1692
795 1694
796 1691
797 1693
798 1692
799 1690
800 1690
801 1689
802 1687
803 1691
804 1686
805 1686
806 1683
807 1683
808 1684
809 1683
810 1683
811 1683
812 1682
813 1684
814 1682
815 1679
816 1683
817 1680
818 1680
819 1679
820 1680
821 1681
822 1677
823 1677
824 1678
825 1680
826 1677
827 1676
828 1678
829 1674
830 1673
831 1675
832 1672
833 1672
834 1677
835 1673
836 1669
837 1670
838 1670
839 1666
840 1671
841 1669
842 1671
843 1666
844 1667
845 1666
846 1669
847 1667
848 1667
849 1666
850 1664
851 1666
852 1665
853 1665
854 1663
855 1665
856 1665
857 1667
858 1665
859 1664
860 1665
861 1662
862 1666
863 1662
864 1663
865 1662
866 1665
867 1661
868 1665
869 1662
870 1663
871 1657
872 1661
873 1662
874 1657
875 1663
876 1658
877 1661
878 1658
879 1656
880 1660
881 1659
882 1657
883 1655
884 1658
885 1659
886 1656
887 1659
888 1656
889 1658
890 1657
891 1655
892 1653
893 1656
894 1654
895 1654
896 1655
897 1654
898 1655
899 1653
900 1653
901 1653
902 1653
903 1654
904 1654
905 1653
906 1656
907 1654
908 1654
909 1650
910 1654
911 1652
912 1650
913 1652
914 1649
915 1655
916 1653
917 1652
918 1654
919 1650
920 1649
921 1649
922 1651
923 1649
924 1649
925 1649
926 1646
927 1651
928 1651
929 1652
930 1651
931 1652
932 1649
933 1651
934 1652
935 1649
936 1650
937 1649
938 1649
939 1652
940 1648
941 1649
942 1651
943 1649
944 1651
945 1651
946 1650
947 1645
948 1646
949 1647
950 1650
951 1647
952 1649
953 1647
954 1649
955 1648
956 1647
957 1646
958 1647
959 1645
960 1646
961 1647
962 1648
963 1650
964 1649
965 1648
966 1649
967 1645
968 1645
969 1648
970 1645
971 1646
972 1648
973 1646
974 1649
975 1642
976 1646
977 1646
978 1646
979 1648
980 1647
981 1642
982 1645
983 1644
984 1648
985 1644
986 1647
987 1646
988 1646
989 1643
990 1645
991 1647
992 1647
993 1646
994 1646
995 1646
996 1646
997 1645
998 1644
999 1645
1000 1648
1001 1642
1002 1643
1003 1646
1004 1645
1005 1641
1006 1646
1007 1646
1008 1645
1009 1642
1010 1647
1011 1642
1012 1642
1013 1644
1014 1643
1015 1644
1016 1642
1017 1643
1018 1644
1019 1646
1020 1642
1021 1644
1022 1646
1023 1645
1024 1641
1025 1645
1026 1644
1027 1643
1028 1645
1029 1643
1030 1644
1031 1641
1032 1642
1033 1643
1034 1642
1035 1645
1036 1643
1037 1644
1038 1644
1039 1644
1040 1643
1041 1644
1042 1644
1043 1644
1044 1641
1045 1642
1046 1643
1047 1644
1048 1642
1049 1642
1050 1644
1051 1643
1052 1643
1053 1642
1054 1645
1055 1640
1056 1641
1057 1642
1058 1640
1059 1643
1060 1641
1061 1640
1062 1640
1063 1641
1064 1641
1065 1642
1066 1644
1067 1642
1068 1644
1069 1641
1070 1643
1071 1641
1072 1645
1073 1642
1074 1642
1075 1639
1076 1642
1077 1640
1078 1645
1079 1639
1080 1644
1081 1640
1082 1641
1083 1643
1084 1644
1085 1642
1086 1642
1087 1640
1088 1642
1089 1642
1090 1640
1091 1642
1092 1641
1093 1639
1094 1641
1095 1644
1096 1642
1097 1643
1098 1642
1099 1639
1100 1641
1101 1641
1102 1642
1103 1640
1104 1642
1105 1643
1106 1639
1107 1643
1108 1641
1109 1638
1110 1638
1111 1639
1112 1645
1113 1642
1114 1641
1115 1636
1116 1644
1117 1640
1118 1644
1119 1640
1120 1641
1121 1641
1122 1639
1123 1642
1124 1639
1125 1642
1126 1641
1127 1639
1128 1642
1129 1638
1130 1639
1131 1640
1132 1642
1133 1641
1134 1644
1135 1640
1136 1643
1137 1639
1138 1641
1139 1641
1140 1638
1141 1642
1142 1644
1143 1641
1144 1639
1145 1640
1146 1640
1147 1644
1148 1643
1149 1640
1150 1638
1151 1640
1152 1642
1153 1643
1154 1642
1155 1638
1156 1637
1157 1642
1158 1641
1159 1638
1160 1641
1161 1639
1162 1644
1163 1640
1164 1641
1165 1642
1166 1640
1167 1640
1168 1641
1169 1637
1170 1639
1171 1637
1172 1643
1173 1639
1174 1643
1175 1644
1176 1637
1177 1641
1178 1640
1179 1642
1180 1641
1181 1640
1182 1638
1183 1640
1184 1641
1185 1642
1186 1638
1187 1640
1188 1641
1189 1639
1190 1638
1191 1638
1192 1641
1193 1639
1194 1639
1195 1644
1196 1640
1197 1641
1198 1639
1199 1641
1200 1643
1201 1641
1202 1638
1203 1641
1204 1638
1205 1640
1206 1641
1207 1640
1208 1642
1209 1641
1210 1639
1211 1641
1212 1643
1213 1639
1214 1640
1215 1640
1216 1638
1217 1639
1218 1638
1219 1641
1220 1639
1221 1638
1222 1639
1223 1638
1224 1640
1225 1639
1226 1640
1227 1639
1228 1643
1229 1640
1230 1642
1231 1638
1232 1642
1233 1640
1234 1639
1235 1640
1236 1640
1237 1638
1238 1641
1239 1643
1240 1640
1241 1642
1242 1639
1243 1639
1244 1640
1245 1639
1246 1638
1247 1642
1248 1641
1249 1641
1250 1639
1251 1640
1252 1641
1253 1638
1254 1642
1255 1640
1256 1642
1257 1640
1258 1639
1259 1639
1260 1642
1261 1641
1262 1640
1263 1640
1264 1640
1265 1642
1266 1639
1267 1639
1268 1638
1269 1640
1270 1640
1271 1641
1272 1641
1273 1639
1274 1639
1275 1638
1276 1640
1277 1639
1278 1642
1279 1642
1280 1639
1281 1639
1282 1641
1283 1640
1284 1642
1285 1641
1286 1636
1287 1639
1288 1641
1289 1641
1290 1637
1291 1641
1292 1639
1293 1638
1294 1642
1295 1640
1296 1642
1297 1638
1298 1641
1299 1640
1300 1637
1301 1640
1302 1641
1303 1640
1304 1638
1305 1638
1306 1638
1307 1640
1308 1643
1309 1643
1310 1639
1311 1641
1312 1641
1313 1642
1314 1642
1315 1640
1316 1639
1317 1641
1318 1639
1319 1642
1320 1639
1321 1640
1322 1640
1323 1642
1324 1638
1325 1640
1326 1639
1327 1636
1328 1639
1329 1641
1330 1641
1331 1640
1332 1638
1333 1638
1334 1640
1335 1637
1336 1638
1337 1638
1338 1636
1339 1640
1340 1640
1341 1640
1342 1639
1343 1639
1344 1642
1345 1639
1346 1638
1347 1640
1348 1641
1349 1641
1350 1639
1351 1642
1352 1640
1353 1638
1354 1639
1355 1641
1356 1640
1357 1636
1358 1640
1359 1640
1360 1641
1361 1637
1362 1638
1363 1639
1364 1638
1365 1639
1366 1642
1367 1641
1368 1638
1369 1637
1370 1639
1371 1643
1372 1638
1373 1639
1374 1641
1375 1640
1376 1638
1377 1641
1378 1640
1379 1641
1380 1639
1381 1640
1382 1638
1383 1641
1384 1639
1385 1641
1386 1642
1387 1642
1388 1640
1389 1639
1390 1640
1391 1640
1392 2559
1393 2549
1394 2536
1395 2525
1396 2515
1397 2508
1398 2495
1399 2490
1400 2476
1401 2464
1402 2459
1403 2445
1404 2435
1405 2424
1406 2419
1407 2408
1408 2397
1409 2389
1410 2386
1411 2371
1412 2363
1413 2354
1414 2344
1415 2340
1416 2326
1417 2320
1418 2310
1419 2302
1420 2295
1421 2286
1422 2277
1423 2272
1424 2263
1425 2256
1426 2248
1427 2241
1428 2234
1429 2229
1430 2220
1431 2215
1432 2207
1433 2200
1434 2192
1435 2188
1436 2181
1437 2171
1438 2166
1439 2164
1440 2156
1441 2145
1442 2140
1443 2138
1444 2131
1445 2121
1446 2119
1447 2114
1448 2108
1449 2104
1450 2094
1451 2091
1452 2089
1453 2079
1454 2075
1455 2069
1456 2066
1457 2058
1458 2054
1459 2053
1460 2043
1461 2043
1462 2036
1463 2029
1464 2023
1465 2020
1466 2018
1467 2012
1468 2005
1469 2003
1470 1997
1471 1994
1472 1990
1473 1987
1474 1983
1475 1982
1476 1975
1477 1969
1478 1962
1479 1964
1480 1962
1481 1955
1482 1948
1483 1946
1484 1942
1485 1938
1486 1934
1487 1934
1488 1930
1489 1928
1490 1922
1491 1918
1492 1914
1493 1914
1494 1909
1495 1903
1496 1902
1497 1897
1498 1893
1499 1892
1500 1889
1501 1885
1502 1880
1503 1881
1504 1878
1505 1876
1506 1871
1507 1869
1508 1866
1509 1865
1510 1862
1511 1861
1512 1855
1513 1852
1514 1848
1515 1848
1516 1845
1517 1841
1518 1839
1519 1839
1520 1836
1521 1832
1522 1831
1523 1833
1524 1827
1525 1826
1526 1824
1527 1819
1528 1820
1529 1815
1530 1815
1531 1810
1532 1811
1533 1804
1534 1802
1535 1803
1536 1801
1537 1799
1538 1800
1539 1798
1540 1793
1541 1792
1542 1792
1543 1790
1544 1788
1545 1786
1546 1785
1547 1782
1548 1779
1549 1775
1550 1775
1551 1777
1552 1769
1553 1775
1554 1770
1555 1768
1556 1767
1557 1765
1558 1764
1559 1764
1560 1757
1561 1758
1562 1758
1563 1758
1564 1755
1565 1749
1566 1750
1567 1749
1568 1748
1569 1748
1570 1747
1571 1745
1572 1746
1573 1742
1574 1741
1575 1739
1576 1744
1577 1740
1578 1737
1579 1734
1580 1733
1581 1734
1582 1731
1583 1729
1584 1728
1585 1730
1586 1728
1587 1728
1588 1725
1589 1724
1590 1724
1591 1721
1592 1720
1593 1723
1594 1721
1595 1718
1596 1718
1597 1717
1598 1716
1599 1714
1600 1714
1601 1712
1602 1715
1603 1713
1604 1712
1605 1710
1606 1711
1607 1710
1608 1707
1609 1703
1610 1702
1611 1703
1612 1702
1613 1701
1614 1704
1615 1699
1616 1700
1617 1701
1618 1699
1619 1696
1620 1699
1621 1696
1622 1698
1623 1697
1624 1695
1625 1696
1626 1689
1627 1693
1628 1693
1629 1693
1630 1691
1631 1690
1632 1687
1633 1689
1634 1687
1635 1685
1636 1691
1637 1687
1638 1686
1639 1687
1640 1683
1641 1684
1642 1685
1643 1686
1644 1683
1645 1686
1646 1682
1647 1682
1648 1682
1649 1683
1650 1681
1651 1678
1652 1680
1653 1677
1654 1678
1655 1678
1656 1680
1657 1678
1658 1678
1659 1677
1660 1676
1661 1673
1662 1676
1663 1674
1664 1672
1665 1675
1666 1672
1667 1673
1668 1671
1669 1670
1670 1671
1671 1672
1672 1670
1673 1668
1674 1667
1675 1669
1676 1668
1677 1668
1678 1669
1679 1667
1680 1667
1681 1664
1682 1665
1683 1665
1684 1665
1685 1665
1686 1665
1687 1664
1688 1666
1689 1661
1690 1664
1691 1666
1692 1662
1693 1663
1694 1665
1695 1661
1696 1665
1697 1665
1698 1662
1699 1662
1700 1664
1701 1662
1702 1660
1703 1659
1704 1658
1705 1660
1706 1662
1707 1661
1708 1662
1709 1656
1710 1659
1711 1657
1712 1660
1713 1656
1714 1661
1715 1654
1716 1657
1717 1657
1718 1660
1719 1662
1720 1659
1721 1659
1722 1659
1723 1657
1724 1656
1725 1658
1726 1655
1727 1657
1728 1651
1729 1655
1730 1656
1731 1657
1732 1653
1733 1653
1734 1653
1735 1655
1736 1658
1737 1655
1738 1656
1739 1654
1740 1653
1741 1653
1742 1651
1743 1653
1744 1650
1745 1654
1746 1652
1747 1654
1748 1653
1749 1651
1750 1652
1751 1650
1752 1650
1753 1653
1754 1653
1755 1651
1756 1651
1757 1649
1758 1649
1759 1652
1760 1652
1761 1649
1762 1648
1763 1649
1764 1651
1765 1647
1766 1647
1767 1646
1768 1648
1769 1649
1770 1650
1771 1651
1772 1649
1773 1651
1774 1647
1775 1647
1776 1645
1777 1647
1778 1649
1779 1648
1780 1646
1781 1649
1782 1649
1783 1648
1784 1647
1785 1648
1786 1645
1787 1645
1788 1650
1789 1650
1790 1647
1791 1647
1792 1645
1793 1646
1794 1645
1795 1648
1796 1644
1797 1647
1798 1648
1799 1642
1800 1647
1801 1646
1802 1645
1803 1646
1804 1645
1805 1647
1806 1649
1807 1645
1808 1648
1809 1643
1810 1646
1811 1648
1812 1646
1813 1645
1814 1646
1815 1643
1816 1646
1817 1646
1818 1645
1819 1648
1820 1645
1821 1646
1822 1645
1823 1646
1824 1645
1825 1646
1826 1642
1827 1644
1828 1644
1829 1646
1830 1647
1831 1644
1832 1644
1833 1641
1834 1644
1835 1645
1836 1644
1837 1641
1838 1643
1839 1643
1840 1644
1841 1643
1842 1645
1843 1644
1844 1642
1845 1644
1846 1643
1847 1642
1848 1644
1849 1643
1850 1646
1851 1645
1852 1643
1853 1644
1854 1644
1855 1643
1856 1645
1857 1645
1858 1646
1859 1639
1860 1644
1861 1643
1862 1644
1863 1644
1864 1641
1865 1643
1866 1645
1867 1644
1868 1645
1869 1642
1870 1642
1871 1642
1872 1646
1873 1642
1874 1642
1875 1643
1876 1645
1877 1642
1878 1640
1879 1639
1880 1641
1881 1643
1882 1644
1883 1641
1884 1640
1885 1641
1886 1643
1887 1642
1888 1641
1889 1643
1890 1640
1891 1644
1892 1641
1893 1642
1894 1644
1895 1641
1896 1642
1897 1641
1898 1643
1899 1641
1900 1641
1901 1644
1902 1642
1903 1642
1904 1640
1905 1643
1906 1644
1907 1641
1908 1641
1909 1641
1910 1637
1911 1639
1912 1640
1913 1642
1914 1643
1915 1639
1916 1643
1917 1638
1918 1642
1919 1640
1920 1643
1921 1639
1922 1641
1923 1640
1924 1639
1925 1640
1926 1641
1927 1640
1928 1639
1929 1638
1930 1643
1931 1639
1932 1640
1933 1641
1934 1641
1935 1638
1936 1641
1937 1638
1938 1639
1939 1639
1940 1638
1941 1643
1942 1639
1943 1641
1944 1639
1945 1641
1946 1643
1947 1643
1948 1641
1949 1641
1950 1641
1951 1638
1952 1641
1953 1638
1954 1642
1955 1640
1956 1640
1957 1641
1958 1640
1959 1642
1960 1642
1961 1639
1962 1640
1963 1640
1964 1640
1965 1640
1966 1640
1967 1638
1968 1639
1969 1639
1970 1639
1971 1639
1972 1641
1973 1640
1974 1642
1975 1641
1976 1639
1977 1640
1978 1640
1979 1641
1980 1639
1981 1639
1982 1642
1983 1636
1984 1640
1985 1639
1986 1641
1987 1642
1988 1641
1989 1639
1990 1639
1991 1643
1992 1642
1993 1641
1994 1641
1995 1639
1996 1638
1997 1639
1998 1637
1999 1642
2000 1637
2001 1640
2002 1640
2003 1639
2004 1641
2005 1642
2006 1645
2007 1638
2008 1640
2009 1641
2010 1642
2011 1641
2012 1640
2013 1640
2014 1641
2015 1638
2016 1638
2017 1638
2018 1644
2019 1641
2020 1642
2021 1636
2022 1640
2023 1642
2024 1640
2025 1637
2026 1641
2027 1641
2028 1641
2029 1638
2030 1643
2031 1642
2032 1640
2033 1641
2034 1641
2035 1637
2036 1641
2037 1637
2038 1641
2039 1637
2040 1641
2041 1639
2042 1642
2043 1641
2044 1638
2045 1642
2046 1638
2047 1640
2048 1642
2049 1640
2050 1639
2051 1639
2052 1643
2053 1640
2054 1639
2055 1641
2056 1642
2057 1639
2058 1642
2059 1639
2060 1640
2061 1638
2062 1638
2063 1638
2064 1641
2065 1638
2066 1642
2067 1639
2068 1641
2069 1640
2070 1641
2071 1639
2072 1643
2073 1638
2074 1642
2075 1640
2076 1640
2077 1639
2078 1638
2079 1639
2080 1640
2081 1641
2082 1638
2083 1640
2084 1640
2085 1642
2086 1640
2087 1639
2088 1641
2089 1639
2090 1643
2091 1640
2092 1640
2093 1640
2094 1639
2095 1639
2096 1639
2097 1639
2098 1640
2099 1639
2100 1640
2101 1640
2102 1640
2103 1639
2104 1639
2105 1642
2106 1640
2107 1640
2108 1637
2109 1641
2110 1637
2111 1640
2112 1640
2113 1641
2114 1643
2115 1640
2116 1642
2117 1643
2118 1641
2119 1636
2120 1642
2121 1637
2122 1640
2123 1640
2124 1642
2125 1639
2126 1639
2127 1639
2128 1640
2129 1643
2130 1638
2131 1642
2132 1641
2133 1638
2134 1639
2135 1640
2136 1639
2137 1640
2138 1637
2139 1642
2140 1641
2141 1642
2142 1641
2143 1641
2144 1641
2145 1641
2146 1638
2147 1641
2148 1641
2149 1637
2150 1638
2151 1637
2152 1640
2153 1637
2154 1642
2155 1639
2156 1643
2157 1639
2158 1637
2159 1640
2160 1637
2161 1637
2162 1638
2163 1641
2164 1638
2165 1640
2166 1639
2167 1639
2168 1637
2169 1637
2170 1639
2171 1638
2172 1638
2173 1637
2174 1643
2175 1641
2176 1640
2177 1635
2178 1638
2179 1640
2180 1638
2181 1641
2182 1641
2183 1643
2184 1640
2185 1638
2186 1642
2187 1641
2188 1639
2189 1643
2190 1637
2191 1642
2192 1638
2193 1641
2194 1640
2195 1637
2196 1638
2197 1639
2198 1638
2199 1637
2200 1638
2201 1641
2202 1641
2203 1640
2204 1639
2205 1638
2206 1641
2207 1639
2208 1640
2209 1639
2210 1641
2211 1638
2212 1640
2213 1640
2214 1639
2215 1638
2216 1637
2217 1634
2218 1637
2219 1639
2220 1639
2221 1641
2222 1638
2223 1639
2224 1639
2225 2564
2226 2552
2227 2541
2228 2529
2229 2517
2230 2510
2231 2499
2232 2488
2233 2477
2234 2469
2235 2457
2236 2448
2237 2437
2238 2428
2239 2421
2240 2411
2241 2399
2242 2396
2243 2383
2244 2374
2245 2363
2246 2355
2247 2347
2248 2341
2249 2331
2250 2326
2251 2319
2252 2306
2253 2300
2254 2292
2255 2284
2256 2275
2257 2271
2258 2260
2259 2250
2260 2245
2261 2241
2262 2230
2263 2222
2264 2215
2265 2212
2266 2202
2267 2191
2268 2191
2269 2184
2270 2175
2271 2170
2272 2160
2273 2155
2274 2151
2275 2142
2276 2139
2277 2135
2278 2122
2279 2123
2280 2116
2281 2108
2282 2103
2283 2094
2284 2092
2285 2089
2286 2081
2287 2077
2288 2073
2289 2064
2290 2059
2291 2055
2292 2051
2293 2046
2294 2042
2295 2038
2296 2033
2297 2029
2298 2023
2299 2018
2300 2014
2301 2009
2302 2003
2303 1999
2304 1995
2305 1991
2306 1985
2307 1983
2308 1981
2309 1977
2310 1973
2311 1967
2312 1967
2313 1957
2314 1954
2315 1953
2316 1950
2317 1944
2318 1942
2319 1936
2320 1932
2321 1933
2322 1927
2323 1921
2324 1918
2325 1917
2326 1909
2327 1908
2328 1908
2329 1903
2330 1897
2331 1890
2332 1894
2333 1892
2334 1886
2335 1885
2336 1882
2337 1875
2338 1873
2339 1873
2340 1871
2341 1868
2342 1866
2343 1866
2344 1858
2345 1855
2346 1854
2347 1853
2348 1849
2349 1843
2350 1844
2351 1841
2352 1838
2353 1835
2354 1832
2355 1830
2356 1830
2357 1828
2358 1826
2359 1821
2360 1823
2361 1818
2362 1813
2363 1815
2364 1811
2365 1810
2366 1806
2367 1807
2368 1803
2369 1801
2370 1799
2371 1797
2372 1795
2373 1796
2374 1792
2375 1791
2376 1788
2377 1787
2378 1786
2379 1782
2380 1784
2381 1780
2382 1778
2383 1782
2384 1775
2385 1775
2386 1771
2387 1769
2388 1767
2389 1766
2390 1765
2391 1763
2392 1767
2393 1762
2394 1761
2395 1759
2396 1757
2397 1756
2398 1753
2399 1753
2400 1752
2401 1749
2402 1748
2403 1747
2404 1744
2405 1747
2406 1748
2407 1743
2408 1739
2409 1741
2410 1739
2411 1735
2412 1732
2413 1736
2414 1733
2415 1737
2416 1735
2417 1731
2418 1728
2419 1727
2420 1731
2421 1725
2422 1724
2423 1722
2424 1721
2425 1722
2426 1722
2427 1719
2428 1717
2429 1719
2430 1717
2431 1715
2432 1716
2433 1715
2434 1715
2435 1712
2436 1713
2437 1710
2438 1709
2439 1711
2440 1709
2441 1707
2442 1703
2443 1709
2444 1709
2445 1704
2446 1703
2447 1703
2448 1701
2449 1701
2450 1700
2451 1701
2452 1697
2453 1699
2454 1694
2455 1698
2456 1696
2457 1696
2458 1696
2459 1693
2460 1693
2461 1690
2462 1693
2463 1692
2464 1691
2465 1692
2466 1689
2467 1693
2468 1688
2469 1686
2470 1689
2471 1689
2472 1685
2473 1685
2474 1684
2475 1683
2476 1685
2477 1680
2478 1684
2479 1684
2480 1682
2481 1682
2482 1682
2483 1679
2484 1682
2485 1679
2486 1679
2487 1680
2488 1677
2489 1677
2490 1680
2491 1676
2492 1679
2493 1678
2494 1676
2495 1678
2496 1677
2497 1676
2498 1674
2499 1672
2500 1672
2501 1673
2502 1673
2503 1671
2504 1673
2505 1673
2506 1670
2507 1672
2508 1665
2509 1667
2510 1667
2511 1670
2512 1669
2513 1667
2514 1667
2515 1668
2516 1667
2517 1666
2518 1663
2519 1666
2520 1664
2521 1661
2522 1662
2523 1664
2524 1667
2525 1662
2526 1664
2527 1664
2528 1665
2529 1663
2530 1664
2531 1662
2532 1662
2533 1665
2534 1661
2535 1659
2536 1663
2537 1659
2538 1660
2539 1661
2540 1660
2541 1656
2542 1659
2543 1660
2544 1661
2545 1656
2546 1660
2547 1661
2548 1661
2549 1657
2550 1659
2551 1661
2552 1657
2553 1658
2554 1660
2555 1653
2556 1657
2557 1657
2558 1655
2559 1657
2560 1657
2561 1654
2562 1658
2563 1657
2564 1654
2565 1652
2566 1654
2567 1654
2568 1655
2569 1652
2570 1656
2571 1654
2572 1652
2573 1651
2574 1652
2575 1654
2576 1651
2577 1655
2578 1650
2579 1653
2580 1652
2581 1649
2582 1653
2583 1651
2584 1650
2585 1650
2586 1650
2587 1652
2588 1651
2589 1653
2590 1649
2591 1652
2592 1652
2593 1651
2594 1652
2595 1654
2596 1650
2597 1649
2598 1649
2599 1648
2600 1649
2601 1650
2602 1650
2603 1649
2604 1648
2605 1650
2606 1647
2607 1649
2608 1649
2609 1648
2610 1650
2611 1648
2612 1646
2613 1649
2614 1647
2615 1649
2616 1647
2617 1647
2618 1647
2619 1648
2620 1645
2621 1650
2622 1642
2623 1649
2624 1645
2625 1647
2626 1647
2627 1650
2628 1646
2629 1646
2630 1644
2631 1646
2632 1647
2633 1648
2634 1646
2635 1647
2636 1647
2637 1646
2638 1644
2639 1646
2640 1647
2641 1646
2642 1647
2643 1646
2644 1644
2645 1644
2646 1644
2647 1644
2648 1646
2649 1644
2650 1644
2651 1647
2652 1645
2653 1642
2654 1645
2655 1646
2656 1643
2657 1643
2658 1646
2659 1646
2660 1643
2661 1646
2662 1643
2663 1638
2664 1646
2665 1642
2666 1645
2667 1643
2668 1644
2669 1642
2670 1643
2671 1641
2672 1642
2673 1642
2674 1644
2675 1645
2676 1645
2677 1644
2678 1641
2679 1644
2680 1640
2681 1642
2682 1645
2683 1642
2684 1643
2685 1644
2686 1641
2687 1640
2688 1645
2689 1643
2690 1642
2691 1643
2692 1646
2693 1643
2694 1641
2695 1646
2696 1643
2697 1643
2698 1644
2699 1638
2700 1642
2701 1641
2702 1642
2703 1643
2704 1641
2705 1643
2706 1644
2707 1640
2708 1642
2709 1645
2710 1642
2711 1641
2712 1640
2713 1641
2714 1645
2715 1641
2716 1645
2717 1643
2718 1643
2719 1638
2720 1640
2721 1642
2722 1643
2723 1640
2724 1636
2725 1645
2726 1643
2727 1645
2728 1642
2729 1643
2730 1643
2731 1641
2732 1640
2733 1638
2734 1640
2735 1640
2736 1642
2737 1637
2738 1640
2739 1641
2740 1642
2741 1638
2742 1641
2743 1643
2744 1639
2745 1643
2746 1638
2747 1640
2748 1643
2749 1644
2750 1639
2751 1638
2752 1639
2753 1642
2754 1640
2755 1639
2756 1644
2757 1641
2758 1642
2759 1642
2760 1636
2761 1641
2762 1640
2763 1638
2764 1638
2765 1644
2766 1641
2767 1641
2768 1641
2769 1636
2770 1640
2771 1644
2772 1642
2773 1638
2774 1640
2775 1640
2776 1636
2777 1639
2778 1641
2779 1640
2780 1640
2781 1640
2782 1639
2783 1644
2784 1640
2785 1637
2786 1640
2787 1637
2788 1643
2789 1641
2790 1638
2791 1638
2792 1640
2793 1642
2794 1638
2795 1640
2796 1638
2797 1638
2798 1640
2799 1641
2800 1641
2801 1640
2802 1639
2803 1638
2804 1640
2805 1644
2806 1640
2807 1642
2808 1639
2809 1639
2810 1636
2811 1641
2812 1640
2813 1637
2814 1638
2815 1637
2816 1641
2817 1643
2818 1640
2819 1640
2820 1640
2821 1640
2822 1642
2823 1641
2824 1641
2825 1641
2826 1638
2827 1637
2828 1638
2829 1638
2830 1641
2831 1639
2832 1641
2833 1637
2834 1640
2835 1638
2836 1639
2837 1640
2838 1640
2839 1638
2840 1639
2841 1639
2842 1638
2843 1640
2844 1641
2845 1640
2846 1639
2847 1642
2848 1639
2849 1639
2850 1641
2851 1641
2852 1639
2853 1637
2854 1640
2855 1640
2856 1636
2857 1639
2858 1639
2859 1640
2860 1640
2861 1641
2862 1641
2863 1639
2864 1640
2865 1640
2866 1638
2867 1639
2868 1639
2869 1635
2870 1641
2871 1638
2872 1640
2873 1634
2874 1641
2875 1638
2876 1638
2877 1639
2878 1641
2879 1640
2880 1637
2881 1639
2882 1642
2883 1641
2884 1641
2885 1637
2886 1639
2887 1640
2888 1639
2889 1637
2890 1641
2891 1635
2892 1642
2893 1643
2894 1641
2895 1640
2896 1639
2897 1641
2898 1643
2899 1638
2900 1638
2901 1641
2902 1640
2903 1638
2904 1642
2905 1642
2906 1640
2907 1639
2908 1643
2909 1640
2910 1638
2911 1639
2912 1642
2913 1637
2914 1638
2915 1641
2916 1638
2917 1640
2918 1641
2919 1637
2920 1638
2921 1640
2922 1639
2923 1638
2924 1639
2925 1641
2926 1639
2927 1639
2928 1644
2929 1638
2930 1640
2931 1641
2932 1641
2933 1640
2934 1640
2935 1639
2936 1642
2937 1638
2938 1641
2939 1642
2940 1639
2941 1639
2942 1644
2943 1638
2944 1639
2945 1642
2946 1638
2947 1641
2948 1641
2949 1638
2950 1641
2951 1639
2952 1638
2953 1641
2954 1643
2955 1645
2956 1640
2957 1640
2958 1640
2959 1641
2960 1639
2961 1642
2962 1639
2963 1639
2964 1641
2965 1636
2966 1641
2967 1640
2968 1641
2969 1640
2970 1642
2971 1640
2972 1637
2973 1638
2974 1641
2975 1643
2976 1640
2977 1641
2978 1638
2979 1640
2980 1638
2981 1641
2982 1639
2983 1642
2984 1639
2985 1644
2986 1640
2987 1640
2988 1641
2989 1641
2990 1641
2991 1638
2992 1639
2993 1637
2994 1640
2995 1639
2996 1641
2997 1641
2998 1639
2999 1641
3000 1638
3001 1638
3002 1639
3003 1640
3004 1640
3005 1640
3006 1637
3007 1640
3008 1637
3009 1638
3010 1640
3011 1640
3012 1639
3013 1638
3014 1641
3015 1643
3016 1635
3017 1641
3018 1640
3019 1637
3020 1643
3021 1637
3022 1638
3023 1640
3024 1636
3025 1637
3026 1639
3027 1641
3028 1638
3029 1637
3030 1641
3031 1640
3032 1639
3033 1641
3034 1641
3035 1640
3036 1637
3037 1640
3038 1638
3039 1639
3040 1639
3041 1638
3042 1640
3043 1643
3044 1638
3045 1641
3046 1642
3047 1638
3048 1640
3049 1640
3050 1638
3051 1638
3052 1638
3053 1639
3054 1641
3055 1640
3056 1639
3057 1639
3058 2564
3059 2555
3060 2542
3061 2535
3062 2522
3063 2513
3064 2504
3065 2491
3066 2482
3067 2470
3068 2461
3069 2451
3070 2442
3071 2435
3072 2424
3073 2414
3074 2406
3075 2394
3076 2386
3077 2377
3078 2370
3079 2359
3080 2348
3081 2340
3082 2331
3083 2326
3084 2316
3085 2309
3086 2300
3087 2292
3088 2288
3089 2278
3090 2267
3091 2262
3092 2257
3093 2250
3094 2239
3095 2233
3096 2223
3097 2220
3098 2211
3099 2206
3100 2195
3101 2190
3102 2185
3103 2177
3104 2170
3105 2166
3106 2160
3107 2152
3108 2144
3109 2138
3110 2134
3111 2129
3112 2120
3113 2117
3114 2109
3115 2103
3116 2100
3117 2093
3118 2087
3119 2084
3120 2080
3121 2073
3122 2068
3123 2062
3124 2058
3125 2049
3126 2046
3127 2040
3128 2040
3129 2032
3130 2028
3131 2021
3132 2017
3133 2013
3134 2010
3135 2007
3136 2001
3137 1999
3138 1990
3139 1990
3140 1982
3141 1980
3142 1976
3143 1971
3144 1968
3145 1963
3146 1963
3147 1957
3148 1950
3149 1949
3150 1944
3151 1940
3152 1935
3153 1935
3154 1932
3155 1928
3156 1925
3157 1921
3158 1918
3159 1915
3160 1909
3161 1910
3162 1907
3163 1901
3164 1899
3165 1894
3166 1890
3167 1886
3168 1886
3169 1881
3170 1881
3171 1879
3172 1873
3173 1871
3174 1865
3175 1864
3176 1863
3177 1857
3178 1858
3179 1854
3180 1850
3181 1850
3182 1850
3183 1844
3184 1841
3185 1842
3186 1836
3187 1836
3188 1835
3189 1827
3190 1831
3191 1825
3192 1821
3193 1817
3194 1818
3195 1816
3196 1815
3197 1813
3198 1810
3199 1807
3200 1803
3201 1803
3202 1804
3203 1798
3204 1799
3205 1797
3206 1794
3207 1793
3208 1792
3209 1786
3210 1787
3211 1787
3212 1786
3213 1780
3214 1780
3215 1779
3216 1780
3217 1776
3218 1776
3219 1773
3220 1771
3221 1768
3222 1770
3223 1765
3224 1763
3225 1762
3226 1763
3227 1764
3228 1760
3229 1759
3230 1755
3231 1754
3232 1754
3233 1755
3234 1754
3235 1752
3236 1746
3237 1748
3238 1747
3239 1746
3240 1746
3241 1740
3242 1741
3243 1737
3244 1735
3245 1733
3246 1736
3247 1737
3248 1733
3249 1734
3250 1731
3251 1727
3252 1725
3253 1728
3254 1726
3255 1728
3256 1725
3257 1722
3258 1723
3259 1721
3260 1718
3261 1717
3262 1721
3263 1718
3264 1718
3265 1715
3266 1717
3267 1714
3268 1713
3269 1712
3270 1713
3271 1712
3272 1709
3273 1707
3274 1706
3275 1707
3276 1707
3277 1707
3278 1702
3279 1704
3280 1704
3281 1703
3282 1701
3283 1703
3284 1700
3285 1701
3286 1701
3287 1698
3288 1697
3289 1699
3290 1695
3291 1693
3292 1696
3293 1692
3294 1691
3295 1692
3296 1694
3297 1690
3298 1690
3299 1692
3300 1692
3301 1692
3302 1689
3303 1685
3304 1688
3305 1684
3306 1685
3307 1686
3308 1683
3309 1682
3310 1684
3311 1684
3312 1684
3313 1685
3314 1678
3315 1682
3316 1680
3317 1679
3318 1678
3319 1678
3320 1678
3321 1679
3322 1674
3323 1675
3324 1676
3325 1677
3326 1676
3327 1673
3328 1675
3329 1674
3330 1671
3331 1675
3332 1670
3333 1678
3334 1674
3335 1674
3336 1673
3337 1673
3338 1672
3339 1672
3340 1668
3341 1670
3342 1665
3343 1668
3344 1671
3345 1669
3346 1667
3347 1666
3348 1669
3349 1667
3350 1665
3351 1666
3352 1667
3353 1667
3354 1665
3355 1662
3356 1663
3357 1664
3358 1664
3359 1663
3360 1664
3361 1664
3362 1660
3363 1660
3364 1663
3365 1662
3366 1663
3367 1662
3368 1661
3369 1660
3370 1662
3371 1662
3372 1662
3373 1661
3374 1660
3375 1661
3376 1660
3377 1659
3378 1658
3379 1659
3380 1660
3381 1658
3382 1656
3383 1657
3384 1658
3385 1658
3386 1656
3387 1658
3388 1655
3389 1653
3390 1658
3391 1653
3392 1655
3393 1656
3394 1653
3395 1653
3396 1652
3397 1656
3398 1654
3399 1656
3400 1651
3401 1653
3402 1654
3403 1655
3404 1655
3405 1653
3406 1652
3407 1654
3408 1656
3409 1652
3410 1653
3411 1655
3412 1651
3413 1651
3414 1653
3415 1654
3416 1653
3417 1650
3418 1651
3419 1654
3420 1650
3421 1652
3422 1652
3423 1651
3424 1650
3425 1649
3426 1650
3427 1650
3428 1651
3429 1651
3430 1650
3431 1651
3432 1649
3433 1652
3434 1650
3435 1650
3436 1652
3437 1648
3438 1648
3439 1647
3440 1652
3441 1653
3442 1648
3443 1651
3444 1651
3445 1646
3446 1649
3447 1651
3448 1649
3449 1649
3450 1649
3451 1644
3452 1651
3453 1647
3454 1646
3455 1650
3456 1647
3457 1647
3458 1646
3459 1649
3460 1644
3461 1649
3462 1646
3463 1643
3464 1644
3465 1645
3466 1647
3467 1644
3468 1648
3469 1645
3470 1644
3471 1643
3472 1644
3473 1648
3474 1649
3475 1648
3476 1646
3477 1645
3478 1643
3479 1647
3480 1644
3481 1646
3482 1644
3483 1645
3484 1646
3485 1646
3486 1644
3487 1647
3488 1645
3489 1646
3490 1645
3491 1645
3492 1642
3493 1643
3494 1643
3495 1646
3496 1644
3497 1644
3498 1647
3499 1646
3500 1644
3501 1644
3502 1640
3503 1641
3504 1643
3505 1639
3506 1641
3507 1642
3508 1645
3509 1645
3510 1640
3511 1644
3512 1644
3513 1643
3514 1643
3515 1643
3516 1643
3517 1646
3518 1640
3519 1643
3520 1644
3521 1642
3522 1641
3523 1641
3524 1646
3525 1642
3526 1643
3527 1641
3528 1642
3529 1644
3530 1644
3531 1639
3532 1643
3533 1643
3534 1639
3535 1647
3536 1643
3537 1642
3538 1641
3539 1641
3540 1640
3541 1643
3542 1641
3543 1642
3544 1644
3545 1643
3546 1641
3547 1637
3548 1644
3549 1642
3550 1642
3551 1641
3552 1641
3553 1639
3554 1641
3555 1641
3556 1640
3557 1640
3558 1641
3559 1639
3560 1642
3561 1640
3562 1642
3563 1642
3564 1643
3565 1643
3566 1642
3567 1641
3568 1644
3569 1643
3570 1639
3571 1641
3572 1644
3573 1643
3574 1641
3575 1645
3576 1640
3577 1640
3578 1642
3579 1642
3580 1639
3581 1638
3582 1641
3583 1643
3584 1639
3585 1637
3586 1639
3587 1639
3588 1641
3589 1645
3590 1637
3591 1642
3592 1637
3593 1644
3594 1641
3595 1640
3596 1640
3597 1638
3598 1638
3599 1641
3600 1641
3601 1641
3602 1641
3603 1642
3604 1641
3605 1639
3606 1645
3607 1640
3608 1645
3609 1640
3610 1642
3611 1641
3612 1641
3613 1643
3614 1640
3615 1641
3616 1645
3617 1640
3618 1644
3619 1639
3620 1637
3621 1640
3622 1642
3623 1640
3624 1640
3625 1640
3626 1640
3627 1642
3628 1641
3629 1638
3630 1639
3631 1641
3632 1639
3633 1641
3634 1638
3635 1641
3636 1638
3637 1639
3638 1638
3639 1641
3640 1637
3641 1639
3642 1639
3643 1638
3644 1640
3645 1644
3646 1641
3647 1638
3648 1639
3649 1639
3650 1641
3651 1639
3652 1641
3653 1637
3654 1639
3655 1642
3656 1643
3657 1638
3658 1642
3659 1641
3660 1640
3661 1641
3662 1640
3663 1637
3664 1642
3665 1642
3666 1639
3667 1639
3668 1641
3669 1641
3670 1639
3671 1638
3672 1639
3673 1638
3674 1637
3675 1637
3676 1640
3677 1638
3678 1643
3679 1638
3680 1638
3681 1641
3682 1644
3683 1642
3684 1642
3685 1639
3686 1641
3687 1639
3688 1638
3689 1640
3690 1643
3691 1641
3692 1641
3693 1640
3694 1639
3695 1641
3696 1639
3697 1639
3698 1638
3699 1640
3700 1641
3701 1641
3702 1640
3703 1640
3704 1642
3705 1640
3706 1639
3707 1640
3708 1637
3709 1639
3710 1641
3711 1639
3712 1640
3713 1639
3714 1638
3715 1638
3716 1641
3717 1637
3718 1642
3719 1640
3720 1640
3721 1638
3722 1641
3723 1639
3724 1642
3725 1642
3726 1639
3727 1641
3728 1640
3729 1639
3730 1640
3731 1635
3732 1640
3733 1637
3734 1637
3735 1636
3736 1640
3737 1639
3738 1641
3739 1638
3740 1641
3741 1638
3742 1640
3743 1641
3744 1642
3745 1638
3746 1643
3747 1640
3748 1640
3749 1639
3750 1640
3751 1638
3752 1639
3753 1638
3754 1638
3755 1640
3756 1640
3757 1642
3758 1637
3759 1639
3760 1638
3761 1639
3762 1638
3763 1637
3764 1637
3765 1639
3766 1642
3767 1641
3768 1637
3769 1640
3770 1639
3771 1641
3772 1642
3773 1642
3774 1636
3775 1641
3776 1640
3777 1642
3778 1637
3779 1637
3780 1642
3781 1641
3782 1641
3783 1641
3784 1639
3785 1641
3786 1638
3787 1640
3788 1639
3789 1641
3790 1642
3791 1638
3792 1638
3793 1638
3794 1638
3795 1640
3796 1638
3797 1640
3798 1637
3799 1641
3800 1643
3801 1640
3802 1641
3803 1642
3804 1637
3805 1640
3806 1641
3807 1639
3808 1642
3809 1641
3810 1639
3811 1636
3812 1640
3813 1639
3814 1640
3815 1639
3816 1640
3817 1641
3818 1640
3819 1639
3820 1643
3821 1641
3822 1638
3823 1637
3824 1641
3825 1642
3826 1637
3827 1640
3828 1639
3829 1640
3830 1641
3831 1637
3832 1638
3833 1641
3834 1640
3835 1638
3836 1637
3837 1639
3838 1643
3839 1641
3840 1640
3841 1641
3842 1642
3843 1635
3844 1641
3845 1639
3846 1640
3847 1639
3848 1639
3849 1640
3850 1639
3851 1638
3852 1639
3853 1639
3854 1639
3855 1637
3856 1639
3857 1638
3858 1639
3859 1641
3860 1639
3861 1640
3862 1639
3863 1639
3864 1640
3865 1640
3866 1637
3867 1639
3868 1640
3869 1640
3870 1640
3871 1639
3872 1641
3873 1638
3874 1639
3875 1640
3876 1641
3877 1642
3878 1639
3879 1640
3880 1637
3881 1640
3882 1638
3883 1636
3884 1638
3885 1639
3886 1642
3887 1639
3888 1643
3889 1641
3890 1636
3891 1643
3892 2558
3893 2549
3894 2539
3895 2526
3896 2516
3897 2505
3898 2492
3899 2486
3900 2476
3901 2464
3902 2453
3903 2447
3904 2436
3905 2425
3906 2418
3907 2411
3908 2399
3909 2390
3910 2383
3911 2373
3912 2363
3913 2351
3914 2345
3915 2337
3916 2328
3917 2321
3918 2313
3919 2304
3920 2297
3921 2288
3922 2280
3923 2273
3924 2266
3925 2258
3926 2248
3927 2243
3928 2236
3929 2228
3930 2220
3931 2215
3932 2205
3933 2202
3934 2192
3935 2183
3936 2181
3937 2177
3938 2168
3939 2160
3940 2156
3941 2151
3942 2141
3943 2135
3944 2132
3945 2128
3946 2117
3947 2113
3948 2108
3949 2102
3950 2096
3951 2088
3952 2083
3953 2081
3954 2076
3955 2072
3956 2063
3957 2062
3958 2054
3959 2050
3960 2045
3961 2042
3962 2038
3963 2034
3964 2026
3965 2018
3966 2013
3967 2013
3968 2006
3969 2002
3970 2000
3971 1994
3972 1990
3973 1989
3974 1983
3975 1975
3976 1975
3977 1968
3978 1963
3979 1961
3980 1958
3981 1956
3982 1948
3983 1945
3984 1943
3985 1940
3986 1936
3987 1932
3988 1930
3989 1926
3990 1918
3991 1918
3992 1917
3993 1914
3994 1909
3995 1902
3996 1905
3997 1896
3998 1898
3999 1894
4000 1885
4001 1886
4002 1881
4003 1880
4004 1878
4005 1872
4006 1872
4007 1868
4008 1865
4009 1864
4010 1863
4011 1859
4012 1856
4013 1853
4014 1851
4015 1850
4016 1846
4017 1843
4018 1841
4019 1836
4020 1837
4021 1837
4022 1831
4023 1825
4024 1827
4025 1826
4026 1823
4027 1820
4028 1824
4029 1814
4030 1815
4031 1813
4032 1807
4033 1809
4034 1804
4035 1801
4036 1803
4037 1802
4038 1796
4039 1793
4040 1797
4041 1794
4042 1789
4043 1788
4044 1788
4045 1785
4046 1780
4047 1781
4048 1779
4049 1778
4050 1776
4051 1773
4052 1775
4053 1773
4054 1772
4055 1769
4056 1768
4057 1770
4058 1764
4059 1761
4060 1761
4061 1761
4062 1756
4063 1753
4064 1756
4065 1752
4066 1751
4067 1752
4068 1749
4069 1747
4070 1748
4071 1748
4072 1744
4073 1744
4074 1743
4075 1739
4076 1732
4077 1735
4078 1737
4079 1735
4080 1735
4081 1735
4082 1733
4083 1734
4084 1731
4085 1729
4086 1726
4087 1725
4088 1726
4089 1724
4090 1720
4091 1724
4092 1724
4093 1722
4094 1719
4095 1718
4096 1718
4097 1714
4098 1716
4099 1715
4100 1716
4101 1715
4102 1716
4103 1711
4104 1710
4105 1711
4106 1712
4107 1708
4108 1708
4109 1707
4110 1706
4111 1707
4112 1704
4113 1703
4114 1704
4115 1701
4116 1700
4117 1698
4118 1697
4119 1698
4120 1698
4121 1697
4122 1694
4123 1696
4124 1697
4125 1694
4126 1692
4127 1690
4128 1697
4129 1695
4130 1694
4131 1692
4132 1689
4133 1688
4134 1687
4135 1691
4136 1688
4137 1686
4138 1684
4139 1681
4140 1683
4141 1687
4142 1682
4143 1683
4144 1681
4145 1681
4146 1682
4147 1680
4148 1679
4149 1680
4150 1677
4151 1678
4152 1679
4153 1681
4154 1680
4155 1677
4156 1678
4157 1675
4158 1677
4159 1674
4160 1677
4161 1676
4162 1678
4163 1677
4164 1672
4165 1673
4166 1670
4167 1673
4168 1674
4169 1673
4170 1670
4171 1667
4172 1671
4173 1668
4174 1670
4175 1668
4176 1669
4177 1669
4178 1670
4179 1666
4180 1664
4181 1668
4182 1668
4183 1665
4184 1668
4185 1667
4186 1670
4187 1667
4188 1665
4189 1667
4190 1662
4191 1664
4192 1665
4193 1661
4194 1662
4195 1664
4196 1663
4197 1664
4198 1661
4199 1661
4200 1663
4201 1662
4202 1666
4203 1662
4204 1662
4205 1661
4206 1661
4207 1661
4208 1661
4209 1662
4210 1659
4211 1661
4212 1661
4213 1658
4214 1658
4215 1661
4216 1658
4217 1656
4218 1655
4219 1659
4220 1655
4221 1657
4222 1656
4223 1656
4224 1654
4225 1657
4226 1654
4227 1657
4228 1655
4229 1654
4230 1652
4231 1653
4232 1655
4233 1658
4234 1655
4235 1654
4236 1654
4237 1655
4238 1656
4239 1652
4240 1651
4241 1652
4242 1652
4243 1653
4244 1652
4245 1652
4246 1654
4247 1653
4248 1651
4249 1651
4250 1654
4251 1652
4252 1649
4253 1649
4254 1652
4255 1653
4256 1650
4257 1650
4258 1646
4259 1648
4260 1652
4261 1651
4262 1649
4263 1652
4264 1649
4265 1649
4266 1648
4267 1651
4268 1649
4269 1651
4270 1650
4271 1651
4272 1653
4273 1651
4274 1648
4275 1649
4276 1648
4277 1650
4278 1649
4279 1649
4280 1652
4281 1648
4282 1648
4283 1646
4284 1646
4285 1649
4286 1648
4287 1647
4288 1647
4289 1648
4290 1647
4291 1647
4292 1646
4293 1644
4294 1645
4295 1646
4296 1647
4297 1645
4298 1645
4299 1649
4300 1646
4301 1648
4302 1645
4303 1651
4304 1648
4305 1647
4306 1649
4307 1647
4308 1646
4309 1647
4310 1644
4311 1642
4312 1644
4313 1643
4314 1642
4315 1642
4316 1647
4317 1648
4318 1646
4319 1646
4320 1646
4321 1648
4322 1642
4323 1646
4324 1644
4325 1643
4326 1648
4327 1646
4328 1644
4329 1642
4330 1644
4331 1643
4332 1645
4333 1644
4334 1645
4335 1642
4336 1643
4337 1643
4338 1643
4339 1645
4340 1642
4341 1644
4342 1642
4343 1642
4344 1644
4345 1644
4346 1644
4347 1644
4348 1643
4349 1644
4350 1641
4351 1645
4352 1642
4353 1640
4354 1644
4355 1641
4356 1645
4357 1647
4358 1642
4359 1641
4360 1641
4361 1642
4362 1640
4363 1642
4364 1642
4365 1641
4366 1640
4367 1643
4368 1642
4369 1643
4370 1643
4371 1640
4372 1640
4373 1642
4374 1645
4375 1644
4376 1644
4377 1639
4378 1643
4379 1641
4380 1641
4381 1642
4382 1639
4383 1644
4384 1642
4385 1648
4386 1644
4387 1642
4388 1644
4389 1642
4390 1645
4391 1642
4392 1641
4393 1640
4394 1641
4395 1641
4396 1641
4397 1643
4398 1642
4399 1642
4400 1643
4401 1641
4402 1641
4403 1643
4404 1640
4405 1643
4406 1639
4407 1643
4408 1644
4409 1641
4410 1643
4411 1642
4412 1644
4413 1641
4414 1638
4415 1642
4416 1638
4417 1642
4418 1643
4419 1641
4420 1642
4421 1642
4422 1641
4423 1641
4424 1641
4425 1641
4426 1644
4427 1643
4428 1643
4429 1644
4430 1640
4431 1641
4432 1642
4433 1644
4434 1639
4435 1639
4436 1640
4437 1641
4438 1641
4439 1641
4440 1642
4441 1644
4442 1639
4443 1641
4444 1643
4445 1640
4446 1643
4447 1641
4448 1639
4449 1641
4450 1639
4451 1640
4452 1643
4453 1638
4454 1638
4455 1639
4456 1639
4457 1640
4458 1643
4459 1641
4460 1638
4461 1642
4462 1642
4463 1641
4464 1638
4465 1638
4466 1641
4467 1641
4468 1638
4469 1640
4470 1640
4471 1640
4472 1639
4473 1640
4474 1639
4475 1642
4476 1641
4477 1641
4478 1642
4479 1639
4480 1640
4481 1641
4482 1641
4483 1636
4484 1636
4485 1639
4486 1641
4487 1640
4488 1641
4489 1641
4490 1642
4491 1641
4492 1641
4493 1638
4494 1641
4495 1638
4496 1641
4497 1640
4498 1642
4499 1646
4500 1639
4501 1639
4502 1639
4503 1640
4504 1641
4505 1641
4506 1644
4507 1636
4508 1642
4509 1637
4510 1643
4511 1639
4512 1640
4513 1643
4514 1640
4515 1641
4516 1642
4517 1638
4518 1638
4519 1638
4520 1638
4521 1642
4522 1642
4523 1640
4524 1640
4525 1638
4526 1636
4527 1638
4528 1641
4529 1644
4530 1637
4531 1639
4532 1638
4533 1639
4534 1640
4535 1638
4536 1640
4537 1643
4538 1641
4539 1638
4540 1639
4541 1638
4542 1638
4543 1639
4544 1640
4545 1635
4546 1641
4547 1639
4548 1639
4549 1638
4550 1640
4551 1641
4552 1639
4553 1638
4554 1642
4555 1642
4556 1638
4557 1642
4558 1641
4559 1639
4560 1639
4561 1641
4562 1638
4563 1638
4564 1639
4565 1638
4566 1642
4567 1640
4568 1642
4569 1641
4570 1637
4571 1641
4572 1639
4573 1639
4574 1638
4575 1640
4576 1637
4577 1639
4578 1636
4579 1642
4580 1640
4581 1640
4582 1642
4583 1638
4584 1640
4585 1641
4586 1638
4587 1639
4588 1643
4589 1640
4590 1641
4591 1639
4592 1639
4593 1640
4594 1638
4595 1638
4596 1641
4597 1641
4598 1640
4599 1642
4600 1638
4601 1640
4602 1638
4603 1641
4604 1640
4605 1639
4606 1639
4607 1637
4608 1637
4609 1639
4610 1641
4611 1639
4612 1639
4613 1638
4614 1637
4615 1642
4616 1638
4617 1638
4618 1641
4619 1640
4620 1638
4621 1635
4622 1638
4623 1639
4624 1639
4625 1641
4626 1639
4627 1640
4628 1638
4629 1640
4630 1638
4631 1638
4632 1642
4633 1642
4634 1638
4635 1640
4636 1639
4637 1640
4638 1641
4639 1640
4640 1640
4641 1640
4642 1640
4643 1638
4644 1638
4645 1640
4646 1640
4647 1640
4648 1637
4649 1637
4650 1640
4651 1639
4652 1638
4653 1640
4654 1640
4655 1639
4656 1640
4657 1641
4658 1641
4659 1641
4660 1638
4661 1639
4662 1639
4663 1639
4664 1638
4665 1640
4666 1639
4667 1638
4668 1641
4669 1640
4670 1638
4671 1640
4672 1638
4673 1638
4674 1641
4675 1642
4676 1640
4677 1638
4678 1641
4679 1640
4680 1637
4681 1639
4682 1641
4683 1639
4684 1643
4685 1641
4686 1640
4687 1638
4688 1638
4689 1638
4690 1644
4691 1638
4692 1640
4693 1640
4694 1635
4695 1641
4696 1640
4697 1640
4698 1637
4699 1640
4700 1637
4701 1641
4702 1640
4703 1641
4704 1639
4705 1639
4706 1635
4707 1636
4708 1639
4709 1641
4710 1639
4711 1637
4712 1639
4713 1639
4714 1639
4715 1640
4716 1641
4717 1636
4718 1639
4719 1639
4720 1639
4721 1638
4722 1640
4723 1640
4724 1638
4725 2561
4726 2551
4727 2539
4728 2532
4729 2521
4730 2505
4731 2495
4732 2486
4733 2480
4734 2469
4735 2458
4736 2451
4737 2439
4738 2427
4739 2420
4740 2410
4741 2400
4742 2389
4743 2383
4744 2370
4745 2365
4746 2358
4747 2345
4748 2340
4749 2332
4750 2322
4751 2310
4752 2302
4753 2297
4754 2289
4755 2280
4756 2276
4757 2267
4758 2261
4759 2251
4760 2245
4761 2234
4762 2229
4763 2223
4764 2212
4765 2208
4766 2203
4767 2192
4768 2187
4769 2183
4770 2175
4771 2168
4772 2162
4773 2160
4774 2154
4775 2144
4776 2138
4777 2133
4778 2127
4779 2121
4780 2115
4781 2109
4782 2104
4783 2101
4784 2094
4785 2089
4786 2083
4787 2079
4788 2069
4789 2066
4790 2062
4791 2057
4792 2050
4793 2045
4794 2040
4795 2038
4796 2030
4797 2025
4798 2019
4799 2016
4800 2012
4801 2009
4802 2004
4803 2001
4804 1998
4805 1993
4806 1989
4807 1984
4808 1977
4809 1976
4810 1968
4811 1968
4812 1963
4813 1959
4814 1952
4815 1948
4816 1946
4817 1940
4818 1938
4819 1935
4820 1932
4821 1929
4822 1929
4823 1928
4824 1918
4825 1915
4826 1913
4827 1907
4828 1907
4829 1901
4830 1897
4831 1895
4832 1895
4833 1891
4834 1885
4835 1886
4836 1881
4837 1881
4838 1878
4839 1873
4840 1871
4841 1868
4842 1863
4843 1860
4844 1858
4845 1854
4846 1854
4847 1854
4848 1851
4849 1845
4850 1843
4851 1841
4852 1837
4853 1837
4854 1831
4855 1829
4856 1828
4857 1826
4858 1826
4859 1821
4860 1823
4861 1818
4862 1815
4863 1811
4864 1811
4865 1809
4866 1806
4867 1805
4868 1805
4869 1801
4870 1801
4871 1798
4872 1798
4873 1792
4874 1790
4875 1791
4876 1788
4877 1786
4878 1785
4879 1785
4880 1783
4881 1784
4882 1778
4883 1773
4884 1773
4885 1772
4886 1770
4887 1769
4888 1767
4889 1769
4890 1763
4891 1765
4892 1762
4893 1760
4894 1757
4895 1759
4896 1759
4897 1757
4898 1756
4899 1748
4900 1751
4901 1746
4902 1751
4903 1748
4904 1745
4905 1744
4906 1744
4907 1743
4908 1743
4909 1739
4910 1735
4911 1737
4912 1738
4913 1732
4914 1730
4915 1732
4916 1733
4917 1732
4918 1730
4919 1729
4920 1726
4921 1727
4922 1727
4923 1723
4924 1723
4925 1722
4926 1721
4927 1720
4928 1719
4929 1720
4930 1714
4931 1719
4932 1713
4933 1715
4934 1711
4935 1709
4936 1711
4937 1713
4938 1711
4939 1709
4940 1709
4941 1705
4942 1706
4943 1704
4944 1704
4945 1702
4946 1701
4947 1705
4948 1700
4949 1700
4950 1698
4951 1699
4952 1702
4953 1698
4954 1698
4955 1696
4956 1697
4957 1695
4958 1693
4959 1694
4960 1694
4961 1693
4962 1690
4963 1690
4964 1690
4965 1689
4966 1689
4967 1689
4968 1690
4969 1687
4970 1685
4971 1687
4972 1684
4973 1685
4974 1685
4975 1682
4976 1685
4977 1683
4978 1682
4979 1679
4980 1680
4981 1683
4982 1682
4983 1679
4984 1677
4985 1678
4986 1683
4987 1679
4988 1678
4989 1678
4990 1679
4991 1677
4992 1676
4993 1674
4994 1678
4995 1673
4996 1675
4997 1672
4998 1672
4999 1672
5000 1673
5001 1671
5002 1670
5003 1670
5004 1672
5005 1669
5006 1667
5007 1670
5008 1669
5009 1668
5010 1668
5011 1667
5012 1670
5013 1668
5014 1667
5015 1669
5016 1667
5017 1665
5018 1667
5019 1666
5020 1663
5021 1665
5022 1663
5023 1661
5024 1663
5025 1665
5026 1664
5027 1664
5028 1661
5029 1663
5030 1662
5031 1663
5032 1661
5033 1662
5034 1662
5035 1662
5036 1662
5037 1661
5038 1662
5039 1661
5040 1662
5041 1657
5042 1656
5043 1660
5044 1658
5045 1661
5046 1657
5047 1657
5048 1657
5049 1659
5050 1654
5051 1654
5052 1658
5053 1657
5054 1656
5055 1656
5056 1655
5057 1656
5058 1655
5059 1659
5060 1655
5061 1654
5062 1656
5063 1657
5064 1652
5065 1656
5066 1655
5067 1654
5068 1652
5069 1654
5070 1658
5071 1654
5072 1653
5073 1656
5074 1654
5075 1650
5076 1654
5077 1651
5078 1654
5079 1655
5080 1653
5081 1653
5082 1649
5083 1651
5084 1652
5085 1646
5086 1651
5087 1653
5088 1649
5089 1648
5090 1654
5091 1652
5092 1649
5093 1648
5094 1651
5095 1650
5096 1649
5097 1648
5098 1651
5099 1648
5100 1653
5101 1652
5102 1648
5103 1647
5104 1645
5105 1648
5106 1649
5107 1649
5108 1649
5109 1646
5110 1645
5111 1650
5112 1649
5113 1649
5114 1648
5115 1647
5116 1649
5117 1647
5118 1645
5119 1648
5120 1647
5121 1649
5122 1647
5123 1646
5124 1648
5125 1643
5126 1646
5127 1646
5128 1646
5129 1645
5130 1646
5131 1645
5132 1646
5133 1644
5134 1647
5135 1645
5136 1648
5137 1642
5138 1644
5139 1647
5140 1641
5141 1644
5142 1645
5143 1643
5144 1649
5145 1645
5146 1642
5147 1646
5148 1646
5149 1644
5150 1644
5151 1645
5152 1643
5153 1647
5154 1641
5155 1644
5156 1644
5157 1643
5158 1643
5159 1644
5160 1642
5161 1647
5162 1643
5163 1640
5164 1642
5165 1642
5166 1645
5167 1641
5168 1643
5169 1642
5170 1641
5171 1644
5172 1646
5173 1640
5174 1641
5175 1643
5176 1645
5177 1644
5178 1645
5179 1642
5180 1643
5181 1640
5182 1641
5183 1641
5184 1643
5185 1640
5186 1642
5187 1640
5188 1643
5189 1640
5190 1639
5191 1642
5192 1644
5193 1639
5194 1640
5195 1639
5196 1641
5197 1644
5198 1642
5199 1639
5200 1640
5201 1642
5202 1644
5203 1642
5204 1640
5205 1641
5206 1640
5207 1641
5208 1642
5209 1639
5210 1643
5211 1642
5212 1639
5213 1640
5214 1642
5215 1643
5216 1643
5217 1638
5218 1643
5219 1640
5220 1644
5221 1644
5222 1644
5223 1642
5224 1639
5225 1645
5226 1642
5227 1642
5228 1642
5229 1640
5230 1638
5231 1638
5232 1642
5233 1638
5234 1639
5235 1639
5236 1642
5237 1644
5238 1641
5239 1640
5240 1638
5241 1640
5242 1637
5243 1642
5244 1643
5245 1642
5246 1640
5247 1639
5248 1641
5249 1641
5250 1639
5251 1640
5252 1641
5253 1638
5254 1643
5255 1642
5256 1641
5257 1637
5258 1640
5259 1637
5260 1641
5261 1637
5262 1638
5263 1640
5264 1643
5265 1642
5266 1640
5267 1637
5268 1642
5269 1638
5270 1637
5271 1638
5272 1638
5273 1641
5274 1643
5275 1643
5276 1639
5277 1641
5278 1640
5279 1642
5280 1637
5281 1640
5282 1640
5283 1639
5284 1641
5285 1638
5286 1644
5287 1641
5288 1640
5289 1639
5290 1640
5291 1636
5292 1639
5293 1643
5294 1639
5295 1640
5296 1638
5297 1641
5298 1641
5299 1638
5300 1644
5301 1636
5302 1638
5303 1638
5304 1641
5305 1638
5306 1638
5307 1641
5308 1639
5309 1638
5310 1641
5311 1639
5312 1638
5313 1638
5314 1636
5315 1639
5316 1641
5317 1636
5318 1638
5319 1640
5320 1636
5321 1639
5322 1640
5323 1642
5324 1640
5325 1639
5326 1639
5327 1639
5328 1641
5329 1644
5330 1637
5331 1638
5332 1641
5333 1639
5334 1639
5335 1638
5336 1640
5337 1638
5338 1639
5339 1639
5340 1639
5341 1641
5342 1640
5343 1638
5344 1641
5345 1639
5346 1638
5347 1641
5348 1637
5349 1639
5350 1638
5351 1642
5352 1640
5353 1640
5354 1638
5355 1640
5356 1641
5357 1639
5358 1637
5359 1641
5360 1641
5361 1643
5362 1639
5363 1641
5364 1640
5365 1637
5366 1638
5367 1637
5368 1641
5369 1637
5370 1641
5371 1639
5372 1642
5373 1639
5374 1639
5375 1639
5376 1637
5377 1639
5378 1638
5379 1642
5380 1643
5381 1638
5382 1637
5383 1636
5384 1639
5385 1640
5386 1640
5387 1639
5388 1638
5389 1638
5390 1637
5391 1637
5392 1637
5393 1639
5394 1636
5395 1639
5396 1638
5397 1641
5398 1640
5399 1642
5400 1640
5401 1642
5402 1637
5403 1639
5404 1639
5405 1642
5406 1639
5407 1636
5408 1639
5409 1642
5410 1637
5411 1637
5412 1640
5413 1638
5414 1639
5415 1637
5416 1641
5417 1638
5418 1641
5419 1636
5420 1638
5421 1638
5422 1639
5423 1637
5424 1639
5425 1639
5426 1641
5427 1641
5428 1642
5429 1638
5430 1638
5431 1642
5432 1641
5433 1639
5434 1641
5435 1639
5436 1638
5437 1637
5438 1638
5439 1639
5440 1640
5441 1641
5442 1637
5443 1639
5444 1636
5445 1641
5446 1641
5447 1643
5448 1642
5449 1640
5450 1640
5451 1638
5452 1641
5453 1636
5454 1640
5455 1640
5456 1640
5457 1637
5458 1640
5459 1642
5460 1637
5461 1639
5462 1640
5463 1637
5464 1637
5465 1639
5466 1639
5467 1638
5468 1637
5469 1641
5470 1638
5471 1635
5472 1636
5473 1641
5474 1639
5475 1641
5476 1637
5477 1637
5478 1640
5479 1644
5480 1640
5481 1639
5482 1640
5483 1641
5484 1641
5485 1640
5486 1640
5487 1639
5488 1636
5489 1639
5490 1641
5491 1639
5492 1640
5493 1640
5494 1639
5495 1636
5496 1639
5497 1639
5498 1639
5499 1641
5500 1635
5501 1638
5502 1641
5503 1641
5504 1640
5505 1642
5506 1643
5507 1637
5508 1638
5509 1639
5510 1637
5511 1642
5512 1640
5513 1637
5514 1638
5515 1639
5516 1640
5517 1638
5518 1637
5519 1636
5520 1638
5521 1643
5522 1640
5523 1637
5524 1639
5525 1639
5526 1641
5527 1641
5528 1641
5529 1639
5530 1639
5531 1640
5532 1639
5533 1640
5534 1642
5535 1639
5536 1639
5537 1641
5538 1637
5539 1640
5540 1638
5541 1641
5542 1640
5543 1637
5544 1639
5545 1637
5546 1638
5547 1636
5548 1640
5549 1641
5550 1641
5551 1639
5552 1640
5553 1641
5554 1639
5555 1639
5556 1641
5557 1641
5558 2562
5559 2555
5560 2543
5561 2533
5562 2524
5563 2513
5564 2502
5565 2492
5566 2480
5567 2471
5568 2462
5569 2454
5570 2440
5571 2432
5572 2422
5573 2411
5574 2403
5575 2395
5576 2384
5577 2377
5578 2369
5579 2363
5580 2350
5581 2343
5582 2331
5583 2325
5584 2317
5585 2307
5586 2300
5587 2292
5588 2287
5589 2281
5590 2268
5591 2262
5592 2253
5593 2248
5594 2239
5595 2233
5596 2226
5597 2217
5598 2211
5599 2204
5600 2196
5601 2190
5602 2185
5603 2177
5604 2174
5605 2165
5606 2158
5607 2154
5608 2148
5609 2143
5610 2134
5611 2127
5612 2121
5613 2114
5614 2109
5615 2103
5616 2101
5617 2094
5618 2089
5619 2085
5620 2079
5621 2073
5622 2069
5623 2061
5624 2058
5625 2055
5626 2047
5627 2039
5628 2038
5629 2032
5630 2026
5631 2022
5632 2020
5633 2011
5634 2009
5635 2008
5636 2000
5637 1994
5638 1990
5639 1989
5640 1980
5641 1980
5642 1977
5643 1970
5644 1967
5645 1964
5646 1960
5647 1957
5648 1952
5649 1947
5650 1940
5651 1939
5652 1940
5653 1935
5654 1928
5655 1926
5656 1922
5657 1920
5658 1914
5659 1913
5660 1912
5661 1908
5662 1903
5663 1901
5664 1900
5665 1894
5666 1889
5667 1886
5668 1884
5669 1883
5670 1877
5671 1875
5672 1873
5673 1872
5674 1871
5675 1866
5676 1858
5677 1861
5678 1858
5679 1857
5680 1851
5681 1848
5682 1844
5683 1847
5684 1842
5685 1843
5686 1837
5687 1835
5688 1831
5689 1830
5690 1827
5691 1825
5692 1824
5693 1821
5694 1820
5695 1822
5696 1813
5697 1816
5698 1807
5699 1807
5700 1804
5701 1806
5702 1801
5703 1801
5704 1799
5705 1798
5706 1791
5707 1791
5708 1792
5709 1790
5710 1789
5711 1786
5712 1783
5713 1782
5714 1782
5715 1779
5716 1780
5717 1775
5718 1772
5719 1770
5720 1774
5721 1771
5722 1770
5723 1766
5724 1763
5725 1761
5726 1760
5727 1758
5728 1759
5729 1758
5730 1755
5731 1755
5732 1753
5733 1753
5734 1752
5735 1752
5736 1749
5737 1748
5738 1745
5739 1744
5740 1744
5741 1740
5742 1740
5743 1736
5744 1739
5745 1736
5746 1732
5747 1735
5748 1733
5749 1733
5750 1729
5751 1732
5752 1730
5753 1728
5754 1724
5755 1724
5756 1724
5757 1722
5758 1724
5759 1722
5760 1719
5761 1718
5762 1720
5763 1717
5764 1714
5765 1713
5766 1712
5767 1713
5768 1713
5769 1714
5770 1709
5771 1706
5772 1708
5773 1708
5774 1710
5775 1706
5776 1706
5777 1707
5778 1704
5779 1703
5780 1703
5781 1698
5782 1702
5783 1696
5784 1699
5785 1695
5786 1697
5787 1697
5788 1696
5789 1697
5790 1698
5791 1696
5792 1693
5793 1694
5794 1694
5795 1693
5796 1691
5797 1691
5798 1689
5799 1689
5800 1686
5801 1687
5802 1688
5803 1688
5804 1687
5805 1686
5806 1682
5807 1683
5808 1685
5809 1684
5810 1683
5811 1680
5812 1681
5813 1682
5814 1678
5815 1677
5816 1677
5817 1680
5818 1677
5819 1678
5820 1678
5821 1677
5822 1675
5823 1674
5824 1675
5825 1679
5826 1676
5827 1677
5828 1674
5829 1671
5830 1676
5831 1675
5832 1674
5833 1674
5834 1672
5835 1674
5836 1673
5837 1672
5838 1670
5839 1670
5840 1668
5841 1669
5842 1668
5843 1668
5844 1668
5845 1667
5846 1665
5847 1667
5848 1665
5849 1667
5850 1667
5851 1666
5852 1668
5853 1666
5854 1665
5855 1663
5856 1666
5857 1666
5858 1664
5859 1665
5860 1665
5861 1663
5862 1662
5863 1664
5864 1664
5865 1662
5866 1666
5867 1663
5868 1661
5869 1664
5870 1661
5871 1659
5872 1659
5873 1658
5874 1659
5875 1662
5876 1658
5877 1659
5878 1656
5879 1660
5880 1657
5881 1660
5882 1659
5883 1656
5884 1655
5885 1657
5886 1656
5887 1659
5888 1657
5889 1654
5890 1657
5891 1655
5892 1651
5893 1652
5894 1653
5895 1653
5896 1659
5897 1655
5898 1652
5899 1652
5900 1651
5901 1657
5902 1654
5903 1657
5904 1653
5905 1654
5906 1655
5907 1654
5908 1653
5909 1652
5910 1649
5911 1652
5912 1650
5913 1653
5914 1649
5915 1650
5916 1652
5917 1652
5918 1651
5919 1652
5920 1652
5921 1649
5922 1651
5923 1651
5924 1650
5925 1649
5926 1651
5927 1653
5928 1649
5929 1649
5930 1650
5931 1651
5932 1649
5933 1646
5934 1649
5935 1650
5936 1650
5937 1646
5938 1647
5939 1648
5940 1648
5941 1649
5942 1647
5943 1647
5944 1650
5945 1647
5946 1646
5947 1647
5948 1646
5949 1648
5950 1647
5951 1646
5952 1646
5953 1646
5954 1650
5955 1649
5956 1650
5957 1647
5958 1647
5959 1646
5960 1645
5961 1647
5962 1642
5963 1646
5964 1646
5965 1644
5966 1646
5967 1648
5968 1646
5969 1646
5970 1645
5971 1649
5972 1646
5973 1644
5974 1643
5975 1644
5976 1644
5977 1648
5978 1647
5979 1642
5980 1646
5981 1643
5982 1648
5983 1643
5984 1646
5985 1646
5986 1643
5987 1647
5988 1649
5989 1641
5990 1646
5991 1644
5992 1642
5993 1642
5994 1642
5995 1645
5996 1640
5997 1642
5998 1643
5999 1642
6000 1645
6001 1647
6002 1643
6003 1643
6004 1643
6005 1644
6006 1642
6007 1646
6008 1643
6009 1644
6010 1643
6011 1642
6012 1642
6013 1641
6014 1641
6015 1644
6016 1643
6017 1644
6018 1638
6019 1639
6020 1644
6021 1644
6022 1642
6023 1642
6024 1638
6025 1641
6026 1644
6027 1643
6028 1642
6029 1641
6030 1643
6031 1641
6032 1640
6033 1641
6034 1644
6035 1646
6036 1642
6037 1645
6038 1640
6039 1642
6040 1644
6041 1641
6042 1644
6043 1643
6044 1642
6045 1640
6046 1637
6047 1643
6048 1643
6049 1642
6050 1641
6051 1640
6052 1642
6053 1641
6054 1642
6055 1641
6056 1638
6057 1641
6058 1642
6059 1643
6060 1643
6061 1642
6062 1640
6063 1637
6064 1639
6065 1640
6066 1641
6067 1638
6068 1642
6069 1637
6070 1636
6071 1641
6072 1640
6073 1640
6074 1642
6075 1642
6076 1643
6077 1641
6078 1643
6079 1642
6080 1637
6081 1642
6082 1638
6083 1639
6084 1641
6085 1644
6086 1640
6087 1641
6088 1644
6089 1644
6090 1639
6091 1640
6092 1637
6093 1642
6094 1642
6095 1641
6096 1641
6097 1638
6098 1643
6099 1643
6100 1640
6101 1639
6102 1640
6103 1637
6104 1640
6105 1640
6106 1642
6107 1642
6108 1641
6109 1640
6110 1641
6111 1639
6112 1641
6113 1636
6114 1641
6115 1640
6116 1643
6117 1642
6118 1639
6119 1638
6120 1638
6121 1640
6122 1639
6123 1639
6124 1639
6125 1641
6126 1638
6127 1639
6128 1639
6129 1642
6130 1640
6131 1639
6132 1641
6133 1640
6134 1640
6135 1639
6136 1638
6137 1639
6138 1641
6139 1640
6140 1644
6141 1637
6142 1635
6143 1640
6144 1640
6145 1639
6146 1640
6147 1640
6148 1640
6149 1638
6150 1639
6151 1640
6152 1642
6153 1641
6154 1638
6155 1638
6156 1640
6157 1640
6158 1640
6159 1641
6160 1640
6161 1639
6162 1639
6163 1639
6164 1640
6165 1640
6166 1642
6167 1641
6168 1642
6169 1642
6170 1642
6171 1639
6172 1639
6173 1643
6174 1639
6175 1642
6176 1638
6177 1640
6178 1641
6179 1641
6180 1635
6181 1639
6182 1642
6183 1641
6184 1642
6185 1639
6186 1639
6187 1644
6188 1640
6189 1641
6190 1639
6191 1639
6192 1639
6193 1639
6194 1642
6195 1640
6196 1643
6197 1641
6198 1639
6199 1642
6200 1640
6201 1642
6202 1638
6203 1639
6204 1642
6205 1642
6206 1640
6207 1642
6208 1640
6209 1638
6210 1640
6211 1641
6212 1640
6213 1639
6214 1641
6215 1640
6216 1639
6217 1638
6218 1638
6219 1640
6220 1641
6221 1638
6222 1638
6223 1641
6224 1637
6225 1642
6226 1640
6227 1636
6228 1639
6229 1642
6230 1638
6231 1641
6232 1640
6233 1639
6234 1639
6235 1641
6236 1641
6237 1641
6238 1635
6239 1639
6240 1642
6241 1640
6242 1640
6243 1636
6244 1640
6245 1642
6246 1640
6247 1640
6248 1638
6249 1637
6250 1639
6251 1641
6252 1643
6253 1642
6254 1640
6255 1638
6256 1640
6257 1638
6258 1638
6259 1642
6260 1638
6261 1642
6262 1639
6263 1640
6264 1639
6265 1638
6266 1638
6267 1638
6268 1641
6269 1641
6270 1642
6271 1640
6272 1641
6273 1641
6274 1640
6275 1637
6276 1640
6277 1637
6278 1642
6279 1638
6280 1638
6281 1639
6282 1642
6283 1638
6284 1639
6285 1639
6286 1636
6287 1638
6288 1639
6289 1640
6290 1642
6291 1639
6292 1640
6293 1639
6294 1640
6295 1636
6296 1643
6297 1641
6298 1641
6299 1640
6300 1637
6301 1642
6302 1639
6303 1641
6304 1639
6305 1639
6306 1637
6307 1638
6308 1639
6309 1638
6310 1638
6311 1641
6312 1639
6313 1643
6314 1638
6315 1639
6316 1639
6317 1639
6318 1642
6319 1640
6320 1641
6321 1636
6322 1641
6323 1636
6324 1640
6325 1641
6326 1639
6327 1640
6328 1639
6329 1643
6330 1639
6331 1639
6332 1639
6333 1640
6334 1639
6335 1640
6336 1640
6337 1641
6338 1641
6339 1637
6340 1640
6341 1640
6342 1638
6343 1640
6344 1641
6345 1640
6346 1642
6347 1643
6348 1637
6349 1643
6350 1639
6351 1637
6352 1641
6353 1640
6354 1641
6355 1638
6356 1643
6357 1640
6358 1638
6359 1637
6360 1638
6361 1639
6362 1636
6363 1642
6364 1638
6365 1636
6366 1642
6367 1639
6368 1638
6369 1636
6370 1636
6371 1638
6372 1638
6373 1637
6374 1635
6375 1638
6376 1639
6377 1639
6378 1636
6379 1638
6380 1638
6381 1639
6382 1641
6383 1639
6384 1643
6385 1639
6386 1640
6387 1642
6388 1640
6389 1640
6390 1639
6391 1639
6392 2560
6393 2549
6394 2537
6395 2524
6396 2513
6397 2506
6398 2496
6399 2480
6400 2472
6401 2464
6402 2454
6403 2444
6404 2434
6405 2429
6406 2415
6407 2406
6408 2400
6409 2388
6410 2380
6411 2371
6412 2363
6413 2353
6414 2344
6415 2335
6416 2328
6417 2319
6418 2314
6419 2302
6420 2296
6421 2284
6422 2282
6423 2271
6424 2266
6425 2261
6426 2251
6427 2242
6428 2235
6429 2223
6430 2223
6431 2215
6432 2207
6433 2196
6434 2193
6435 2185
6436 2180
6437 2177
6438 2166
6439 2161
6440 2156
6441 2147
6442 2141
6443 2136
6444 2132
6445 2124
6446 2117
6447 2112
6448 2105
6449 2099
6450 2094
6451 2090
6452 2084
6453 2080
6454 2074
6455 2070
6456 2066
6457 2060
6458 2052
6459 2052
6460 2047
6461 2038
6462 2031
6463 2031
6464 2024
6465 2020
6466 2016
6467 2009
6468 2005
6469 1999
6470 1996
6471 1992
6472 1990
6473 1987
6474 1984
6475 1976
6476 1974
6477 1966
6478 1963
6479 1961
6480 1956
6481 1950
6482 1952
6483 1943
6484 1940
6485 1937
6486 1934
6487 1932
6488 1926
6489 1925
6490 1921
6491 1917
6492 1916
6493 1910
6494 1905
6495 1907
6496 1900
6497 1897
6498 1895
6499 1893
6500 1887
6501 1887
6502 1884
6503 1879
6504 1875
6505 1873
6506 1869
6507 1868
6508 1863
6509 1859
6510 1862
6511 1857
6512 1857
6513 1852
6514 1849
6515 1848
6516 1847
6517 1841
6518 1841
6519 1835
6520 1834
6521 1830
6522 1828
6523 1829
6524 1826
6525 1823
6526 1822
6527 1819
6528 1817
6529 1813
6530 1813
6531 1812
6532 1810
6533 1807
6534 1804
6535 1802
6536 1804
6537 1802
6538 1796
6539 1795
6540 1794
6541 1791
6542 1788
6543 1792
6544 1787
6545 1785
6546 1783
6547 1781
6548 1777
6549 1778
6550 1774
6551 1778
6552 1773
6553 1775
6554 1770
6555 1768
6556 1767
6557 1763
6558 1763
6559 1761
6560 1760
6561 1758
6562 1756
6563 1758
6564 1755
6565 1757
6566 1750
6567 1749
6568 1748
6569 1749
6570 1747
6571 1744
6572 1742
6573 1743
6574 1740
6575 1741
6576 1738
6577 1738
6578 1739
6579 1733
6580 1732
6581 1734
6582 1734
6583 1732
6584 1728
6585 1729
6586 1727
6587 1726
6588 1723
6589 1727
6590 1724
6591 1724
6592 1718
6593 1721
6594 1718
6595 1721
6596 1717
6597 1718
6598 1713
6599 1717
6600 1713
6601 1713
6602 1714
6603 1711
6604 1710
6605 1707
6606 1708
6607 1710
6608 1704
6609 1705
6610 1706
6611 1706
6612 1705
6613 1702
6614 1703
6615 1700
6616 1699
6617 1697
6618 1701
6619 1694
6620 1695
6621 1697
6622 1698
6623 1697
6624 1695
6625 1692
6626 1693
6627 1691
6628 1693
6629 1690
6630 1689
6631 1694
6632 1690
6633 1690
6634 1689
6635 1688
6636 1686
6637 1688
6638 1684
6639 1683
6640 1686
6641 1684
6642 1682
6643 1684
6644 1686
6645 1682
6646 1683
6647 1681
6648 1680
6649 1681
6650 1681
6651 1679
6652 1679
6653 1679
6654 1679
6655 1678
6656 1675
6657 1677
6658 1676
6659 1677
6660 1677
6661 1674
6662 1674
6663 1672
6664 1674
6665 1675
6666 1672
6667 1673
6668 1670
6669 1671
6670 1670
6671 1670
6672 1670
6673 1666
6674 1671
6675 1668
6676 1666
6677 1667
6678 1667
6679 1669
6680 1666
6681 1665
6682 1669
6683 1666
6684 1668
6685 1665
6686 1663
6687 1666
6688 1664
6689 1667
6690 1666
6691 1667
6692 1661
6693 1665
6694 1665
6695 1662
6696 1664
6697 1662
6698 1660
6699 1665
6700 1661
6701 1663
6702 1661
6703 1663
6704 1660
6705 1665
6706 1660
6707 1662
6708 1660
6709 1659
6710 1661
6711 1660
6712 1657
6713 1657
6714 1657
6715 1657
6716 1655
6717 1659
6718 1659
6719 1657
6720 1657
6721 1654
6722 1660
6723 1655
6724 1656
6725 1658
6726 1657
6727 1654
6728 1656
6729 1658
6730 1651
6731 1655
6732 1656
6733 1656
6734 1656
6735 1651
6736 1652
6737 1654
6738 1653
6739 1653
6740 1651
6741 1651
6742 1648
6743 1653
6744 1654
6745 1650
6746 1654
6747 1654
6748 1653
6749 1652
6750 1649
6751 1651
6752 1649
6753 1653
6754 1653
6755 1649
6756 1652
6757 1652
6758 1650
6759 1655
6760 1650
6761 1649
6762 1651
6763 1651
6764 1647
6765 1650
6766 1653
6767 1650
6768 1652
6769 1646
6770 1649
6771 1650
6772 1648
6773 1647
6774 1647
6775 1648
6776 1650
6777 1646
6778 1647
6779 1647
6780 1645
6781 1648
6782 1648
6783 1646
6784 1647
6785 1646
6786 1646
6787 1647
6788 1643
6789 1646
6790 1647
6791 1645
6792 1646
6793 1647
6794 1648
6795 1646
6796 1646
6797 1646
6798 1647
6799 1646
6800 1646
6801 1649
6802 1647
6803 1645
6804 1647
6805 1645
6806 1643
6807 1644
6808 1644
6809 1647
6810 1644
6811 1646
6812 1647
6813 1645
6814 1645
6815 1647
6816 1645
6817 1646
6818 1644
6819 1646
6820 1644
6821 1642
6822 1643
6823 1641
6824 1642
6825 1645
6826 1644
6827 1647
6828 1641
6829 1643
6830 1645
6831 1643
6832 1643
6833 1646
6834 1646
6835 1643
6836 1644
6837 1642
6838 1644
6839 1642
6840 1641
6841 1642
6842 1643
6843 1642
6844 1644
6845 1645
6846 1643
6847 1642
6848 1642
6849 1646
6850 1646
6851 1643
6852 1643
6853 1645
6854 1644
6855 1642
6856 1643
6857 1641
6858 1642
6859 1643
6860 1639
6861 1642
6862 1646
6863 1642
6864 1640
6865 1641
6866 1643
6867 1644
6868 1644
6869 1640
6870 1643
6871 1643
6872 1641
6873 1643
6874 1638
6875 1641
6876 1642
6877 1644
6878 1643
6879 1641
6880 1640
6881 1643
6882 1641
6883 1642
6884 1641
6885 1637
6886 1640
6887 1640
6888 1641
6889 1641
6890 1642
6891 1643
6892 1642
6893 1641
6894 1640
6895 1645
6896 1642
6897 1639
6898 1645
6899 1638
6900 1641
6901 1641
6902 1641
6903 1641
6904 1637
6905 1643
6906 1643
6907 1642
6908 1643
6909 1639
6910 1641
6911 1642
6912 1639
6913 1639
6914 1643
6915 1643
6916 1638
6917 1639
6918 1638
6919 1641
6920 1642
6921 1642
6922 1640
6923 1638
6924 1643
6925 1639
6926 1636
6927 1641
6928 1642
6929 1643
6930 1640
6931 1640
6932 1640
6933 1640
6934 1641
6935 1642
6936 1640
6937 1639
6938 1639
6939 1643
6940 1640
6941 1641
6942 1643
6943 1643
6944 1638
6945 1639
6946 1641
6947 1641
6948 1637
6949 1640
6950 1639
6951 1638
6952 1641
6953 1642
6954 1640
6955 1641
6956 1642
6957 1640
6958 1638
6959 1638
6960 1641
6961 1640
6962 1641
6963 1641
6964 1639
6965 1640
6966 1641
6967 1640
6968 1639
6969 1638
6970 1639
6971 1640
6972 1638
6973 1638
6974 1640
6975 1641
6976 1640
6977 1641
6978 1638
6979 1638
6980 1638
6981 1641
6982 1640
6983 1639
6984 1638
6985 1642
6986 1637
6987 1639
6988 1638
6989 1641
6990 1637
6991 1643
6992 1638
6993 1640
6994 1641
6995 1641
6996 1640
6997 1640
6998 1637
6999 1639
7000 1639
7001 1638
7002 1637
7003 1642
7004 1638
7005 1638
7006 1641
7007 1639
7008 1636
7009 1637
7010 1635
7011 1637
7012 1641
7013 1641
7014 1640
7015 1637
7016 1636
7017 1638
7018 1639
7019 1640
7020 1637
7021 1638
7022 1640
7023 1642
7024 1641
7025 1637
7026 1639
7027 1640
7028 1643
7029 1641
7030 1640
7031 1640
7032 1638
7033 1639
7034 1641
7035 1640
7036 1641
7037 1641
7038 1642
7039 1641
7040 1641
7041 1639
7042 1642
7043 1639
7044 1639
7045 1635
7046 1640
7047 1642
7048 1640
7049 1639
7050 1637
7051 1638
7052 1635
7053 1639
7054 1639
7055 1640
7056 1638
7057 1641
7058 1638
7059 1638
7060 1638
7061 1640
7062 1641
7063 1640
7064 1638
7065 1639
7066 1642
7067 1641
7068 1639
7069 1639
7070 1639
7071 1636
7072 1639
7073 1642
7074 1639
7075 1640
7076 1643
7077 1637
7078 1638
7079 1639
7080 1639
7081 1644
7082 1640
7083 1641
7084 1640
7085 1637
7086 1637
7087 1638
7088 1638
7089 1642
7090 1640
7091 1639
7092 1638
7093 1637
7094 1642
7095 1639
7096 1641
7097 1638
7098 1642
7099 1639
7100 1641
7101 1637
7102 1637
7103 1636
7104 1638
7105 1638
7106 1639
7107 1641
7108 1637
7109 1639
7110 1641
7111 1638
7112 1641
7113 1639
7114 1639
7115 1642
7116 1640
7117 1639
7118 1642
7119 1641
7120 1640
7121 1637
7122 1637
7123 1637
7124 1639
7125 1639
7126 1636
7127 1640
7128 1639
7129 1642
7130 1641
7131 1640
7132 1639
7133 1638
7134 1640
7135 1638
7136 1639
7137 1642
7138 1637
7139 1639
7140 1640
7141 1639
7142 1637
7143 1638
7144 1637
7145 1638
7146 1638
7147 1637
7148 1639
7149 1637
7150 1641
7151 1639
7152 1641
7153 1639
7154 1639
7155 1643
7156 1640
7157 1640
7158 1640
7159 1640
7160 1638
7161 1641
7162 1642
7163 1639
7164 1639
7165 1638
7166 1637
7167 1640
7168 1639
7169 1638
7170 1642
7171 1642
7172 1638
7173 1643
7174 1638
7175 1639
7176 1644
7177 1640
7178 1641
7179 1640
7180 1637
7181 1640
7182 1641
7183 1635
7184 1640
7185 1638
7186 1637
7187 1641
7188 1643
7189 1640
7190 1640
7191 1641
7192 1638
7193 1641
7194 1638
7195 1638
7196 1639
7197 1641
7198 1639
7199 1641
7200 1638
7201 1642
7202 1639
7203 1636
7204 1639
7205 1638
7206 1639
7207 1637
7208 1639
7209 1637
7210 1638
7211 1640
7212 1642
7213 1636
7214 1641
7215 1639
7216 1640
7217 1641
7218 1639
7219 1636
7220 1640
7221 1637
7222 1640
7223 1638
7224 1639
7225 2564
7226 2549
7227 2539
7228 2531
7229 2517
7230 2509
7231 2497
7232 2489
7233 2480
7234 2468
7235 2458
7236 2448
7237 2439
7238 2431
7239 2419
7240 2409
7241 2401
7242 2394
7243 2381
7244 2374
7245 2365
7246 2357
7247 2348
7248 2340
7249 2328
7250 2324
7251 2316
7252 2306
7253 2299
7254 2291
7255 2284
7256 2275
7257 2267
7258 2258
7259 2254
7260 2243
7261 2237
7262 2231
7263 2223
7264 2215
7265 2211
7266 2203
7267 2196
7268 2187
7269 2180
7270 2172
7271 2168
7272 2164
7273 2158
7274 2148
7275 2145
7276 2137
7277 2134
7278 2125
7279 2122
7280 2114
7281 2108
7282 2103
7283 2097
7284 2089
7285 2086
7286 2082
7287 2077
7288 2072
7289 2068
7290 2059
7291 2054
7292 2050
7293 2047
7294 2043
7295 2035
7296 2033
7297 2029
7298 2023
7299 2018
7300 2013
7301 2009
7302 2002
7303 2002
7304 1996
7305 1989
7306 1986
7307 1982
7308 1978
7309 1974
7310 1970
7311 1964
7312 1963
7313 1957
7314 1959
7315 1954
7316 1948
7317 1944
7318 1938
7319 1934
7320 1934
7321 1928
7322 1927
7323 1921
7324 1919
7325 1914
7326 1911
7327 1911
7328 1908
7329 1899
7330 1900
7331 1895
7332 1892
7333 1891
7334 1887
7335 1883
7336 1881
7337 1876
7338 1874
7339 1873
7340 1871
7341 1867
7342 1866
7343 1862
7344 1856
7345 1857
7346 1850
7347 1850
7348 1846
7349 1847
7350 1843
7351 1839
7352 1840
7353 1836
7354 1834
7355 1834
7356 1826
7357 1825
7358 1825
7359 1820
7360 1820
7361 1815
7362 1813
7363 1813
7364 1813
7365 1807
7366 1806
7367 1806
7368 1805
7369 1802
7370 1798
7371 1798
7372 1796
7373 1793
7374 1794
7375 1790
7376 1787
7377 1783
7378 1784
7379 1781
7380 1780
7381 1781
7382 1780
7383 1778
7384 1776
7385 1773
7386 1771
7387 1768
7388 1769
7389 1764
7390 1764
7391 1764
7392 1762
7393 1761
7394 1758
7395 1756
7396 1755
7397 1754
7398 1753
7399 1754
7400 1751
7401 1748
7402 1748
7403 1752
7404 1742
7405 1745
7406 1743
7407 1742
7408 1740
7409 1739
7410 1740
7411 1738
7412 1737
7413 1736
7414 1731
7415 1734
7416 1732
7417 1726
7418 1732
7419 1728
7420 1727
7421 1730
7422 1722
7423 1722
7424 1723
7425 1720
7426 1721
7427 1719
7428 1719
7429 1717
7430 1718
7431 1717
7432 1716
7433 1713
7434 1711
7435 1710
7436 1708
7437 1709
7438 1710
7439 1709
7440 1706
7441 1703
7442 1705
7443 1706
7444 1707
7445 1706
7446 1701
7447 1702
7448 1700
7449 1699
7450 1701
7451 1700
7452 1696
7453 1698
7454 1700
7455 1697
7456 1697
7457 1694
7458 1698
7459 1694
7460 1696
7461 1693
7462 1693
7463 1690
7464 1691
7465 1687
7466 1690
7467 1689
7468 1689
7469 1690
7470 1688
7471 1690
7472 1683
7473 1683
7474 1684
7475 1684
7476 1685
7477 1684
7478 1682
7479 1682
7480 1681
7481 1681
7482 1681
7483 1677
7484 1681
7485 1679
7486 1677
7487 1680
7488 1681
7489 1677
7490 1676
7491 1678
7492 1676
7493 1675
7494 1677
7495 1672
7496 1674
7497 1673
7498 1672
7499 1670
7500 1676
7501 1671
7502 1669
7503 1671
7504 1668
7505 1670
7506 1667
7507 1670
7508 1673
7509 1670
7510 1666
7511 1667
7512 1665
7513 1666
7514 1668
7515 1667
7516 1664
7517 1666
7518 1664
7519 1663
7520 1663
7521 1665
7522 1664
7523 1663
7524 1665
7525 1662
7526 1660
7527 1661
7528 1662
7529 1665
7530 1661
7531 1658
7532 1662
7533 1660
7534 1659
7535 1660
7536 1661
7537 1663
7538 1662
7539 1657
7540 1658
7541 1658
7542 1660
7543 1657
7544 1659
7545 1660
7546 1660
7547 1657
7548 1657
7549 1658
7550 1657
7551 1658
7552 1657
7553 1657
7554 1654
7555 1654
7556 1656
7557 1657
7558 1657
7559 1654
7560 1657
7561 1658
7562 1654
7563 1657
7564 1654
7565 1655
7566 1656
7567 1652
7568 1654
7569 1656
7570 1656
7571 1656
7572 1652
7573 1653
7574 1650
7575 1651
7576 1653
7577 1654
7578 1651
7579 1652
7580 1654
7581 1649
7582 1653
7583 1655
7584 1654
7585 1651
7586 1649
7587 1648
7588 1650
7589 1649
7590 1649
7591 1649
7592 1651
7593 1649
7594 1650
7595 1649
7596 1649
7597 1646
7598 1649
7599 1649
7600 1647
7601 1649
7602 1649
7603 1648
7604 1646
7605 1649
7606 1648
7607 1646
7608 1648
7609 1647
7610 1647
7611 1646
7612 1647
7613 1650
7614 1645
7615 1649
7616 1646
7617 1647
7618 1646
7619 1645
7620 1647
7621 1649
7622 1648
7623 1648
7624 1648
7625 1646
7626 1643
7627 1645
7628 1643
7629 1648
7630 1647
7631 1646
7632 1648
7633 1647
7634 1649
7635 1642
7636 1643
7637 1645
7638 1650
7639 1646
7640 1645
7641 1644
7642 1646
7643 1645
7644 1647
7645 1642
7646 1642
7647 1644
7648 1649
7649 1646
7650 1646
7651 1644
7652 1644
7653 1645
7654 1644
7655 1645
7656 1647
7657 1644
7658 1642
7659 1646
7660 1646
7661 1644
7662 1641
7663 1645
7664 1645
7665 1645
7666 1643
7667 1645
7668 1646
7669 1643
7670 1644
7671 1644
7672 1645
7673 1642
7674 1643
7675 1643
7676 1641
7677 1642
7678 1643
7679 1640
7680 1643
7681 1645
7682 1645
7683 1640
7684 1643
7685 1640
7686 1643
7687 1645
7688 1643
7689 1643
7690 1645
7691 1645
7692 1645
7693 1644
7694 1644
7695 1643
7696 1639
7697 1642
7698 1640
7699 1641
7700 1643
7701 1639
7702 1643
7703 1642
7704 1644
7705 1644
7706 1642
7707 1642
7708 1640
7709 1643
7710 1644
7711 1644
7712 1640
7713 1641
7714 1641
7715 1638
7716 1641
7717 1644
7718 1642
7719 1643
7720 1638
7721 1639
7722 1639
7723 1639
7724 1643
7725 1643
7726 1643
7727 1642
7728 1641
7729 1642
7730 1640
7731 1642
7732 1640
7733 1642
7734 1644
7735 1641
7736 1643
7737 1642
7738 1643
7739 1641
7740 1640
7741 1641
7742 1640
7743 1640
7744 1641
7745 1641
7746 1644
7747 1643
7748 1641
7749 1639
7750 1642
7751 1642
7752 1639
7753 1642
7754 1637
7755 1640
7756 1643
7757 1640
7758 1638
7759 1640
7760 1640
7761 1638
7762 1638
7763 1643
7764 1641
7765 1639
7766 1639
7767 1640
7768 1639
7769 1640
7770 1640
7771 1642
7772 1639
7773 1641
7774 1640
7775 1643
7776 1638
7777 1641
7778 1643
7779 1642
7780 1642
7781 1641
7782 1640
7783 1638
7784 1640
7785 1637
7786 1642
7787 1642
7788 1641
7789 1642
7790 1639
7791 1642
7792 1643
7793 1642
7794 1640
7795 1640
7796 1638
7797 1642
7798 1640
7799 1638
7800 1643
7801 1636
7802 1639
7803 1638
7804 1637
7805 1642
7806 1640
7807 1639
7808 1642
7809 1639
7810 1640
7811 1642
7812 1636
7813 1639
7814 1638
7815 1640
7816 1636
7817 1644
7818 1641
7819 1640
7820 1641
7821 1639
7822 1638
7823 1641
7824 1642
7825 1639
7826 1642
7827 1641
7828 1639
7829 1639
7830 1636
7831 1638
7832 1640
7833 1639
7834 1639
7835 1640
7836 1640
7837 1638
7838 1640
7839 1641
7840 1641
7841 1638
7842 1638
7843 1638
7844 1640
7845 1639
7846 1639
7847 1641
7848 1638
7849 1639
7850 1638
7851 1636
7852 1637
7853 1642
7854 1639
7855 1637
7856 1640
7857 1636
7858 1639
7859 1639
7860 1640
7861 1638
7862 1639
7863 1640
7864 1635
7865 1642
7866 1638
7867 1639
7868 1638
7869 1639
7870 1638
7871 1639
7872 1638
7873 1637
7874 1636
7875 1642
7876 1638
7877 1639
7878 1638
7879 1638
7880 1636
7881 1640
7882 1641
7883 1640
7884 1639
7885 1638
7886 1636
7887 1641
7888 1639
7889 1640
7890 1639
7891 1639
7892 1641
7893 1638
7894 1642
7895 1637
7896 1640
7897 1639
7898 1637
7899 1643
7900 1639
7901 1640
7902 1639
7903 1636
7904 1638
7905 1638
7906 1643
7907 1641
7908 1640
7909 1640
7910 1637
7911 1641
7912 1639
7913 1641
7914 1639
7915 1642
7916 1638
7917 1639
7918 1641
7919 1640
7920 1640
7921 1636
7922 1640
7923 1637
7924 1641
7925 1638
7926 1642
7927 1640
7928 1642
7929 1640
7930 1641
7931 1639
7932 1642
7933 1640
7934 1636
7935 1642
7936 1643
7937 1639
7938 1639
7939 1639
7940 1642
7941 1642
7942 1640
7943 1640
7944 1641
7945 1637
7946 1639
7947 1641
7948 1642
7949 1642
7950 1642
7951 1641
7952 1640
7953 1646
7954 1642
7955 1638
7956 1640
7957 1639
7958 1641
7959 1641
7960 1637
7961 1638
7962 1639
7963 1642
7964 1637
7965 1636
7966 1638
7967 1637
7968 1638
7969 1638
7970 1639
7971 1634
7972 1635
7973 1639
7974 1639
7975 1641
7976 1640
7977 1638
7978 1637
7979 1638
7980 1640
7981 1638
7982 1639
7983 1640
7984 1636
7985 1640
7986 1637
7987 1638
7988 1640
7989 1636
7990 1640
7991 1641
7992 1641
7993 1641
7994 1638
7995 1638
7996 1636
7997 1642
7998 1638
7999 1639
8000 1638
8001 1644
8002 1641
8003 1641
8004 1642
8005 1637
8006 1636
8007 1641
8008 1640
8009 1637
8010 1640
8011 1638
8012 1636
8013 1641
8014 1638
8015 1639
8016 1639
8017 1639
8018 1642
8019 1638
8020 1640
8021 1637
8022 1641
8023 1639
8024 1638
8025 1640
8026 1637
8027 1637
8028 1637
8029 1639
8030 1639
8031 1639
8032 1638
8033 1638
8034 1636
8035 1642
8036 1643
8037 1636
8038 1639
8039 1641
8040 1639
8041 1639
8042 1641
8043 1640
8044 1642
8045 1638
8046 1641
8047 1640
8048 1640
8049 1638
8050 1639
8051 1641
8052 1641
8053 1639
8054 1639
8055 1640
8056 1638
8057 1639
8058 2561
8059 2551
8060 2545
8061 2534
8062 2522
8063 2509
8064 2501
8065 2491
8066 2482
8067 2472
8068 2460
8069 2448
8070 2440
8071 2433
8072 2420
8073 2413
8074 2405
8075 2392
8076 2386
8077 2376
8078 2365
8079 2359
8080 2349
8081 2338
8082 2332
8083 2320
8084 2316
8085 2306
8086 2300
8087 2292
8088 2284
8089 2278
8090 2269
8091 2261
8092 2254
8093 2248
8094 2241
8095 2228
8096 2224
8097 2219
8098 2208
8099 2203
8100 2197
8101 2189
8102 2186
8103 2175
8104 2169
8105 2165
8106 2159
8107 2152
8108 2143
8109 2140
8110 2133
8111 2128
8112 2118
8113 2115
8114 2110
8115 2104
8116 2099
8117 2093
8118 2092
8119 2081
8120 2077
8121 2071
8122 2066
8123 2063
8124 2056
8125 2052
8126 2044
8127 2042
8128 2035
8129 2030
8130 2031
8131 2024
8132 2017
8133 2011
8134 2011
8135 2003
8136 2000
8137 1997
8138 1992
8139 1985
8140 1982
8141 1981
8142 1974
8143 1969
8144 1967
8145 1962
8146 1957
8147 1955
8148 1949
8149 1946
8150 1947
8151 1940
8152 1936
8153 1931
8154 1928
8155 1926
8156 1923
8157 1919
8158 1914
8159 1914
8160 1913
8161 1907
8162 1904
8163 1897
8164 1897
8165 1892
8166 1891
8167 1886
8168 1885
8169 1879
8170 1877
8171 1876
8172 1876
8173 1871
8174 1866
8175 1866
8176 1863
8177 1862
8178 1861
8179 1853
8180 1852
8181 1849
8182 1843
8183 1844
8184 1840
8185 1839
8186 1836
8187 1835
8188 1831
8189 1828
8190 1830
8191 1826
